19741
1 1 1 1 1 1 1 1 1 1 
2 3 4 4 3 10 3 6 9 9 10 8 9 2 3 5 3 6 5 3 1 4 6 5 5 3 7 1 1 7 2 6 1 10 5 5 5 9 1 9 6 1 10 7 9 1 7 1 5 1 
17907
1 1 1 1 1 1 1 1 1 1 
2 9 10 1 4 9 5 10 6 2 3 3 4 5 1 6 5 3 3 4 2 7 1 8 10 10 6 4 1 6 7 7 4 4 4 5 10 1 1 7 1 3 8 9 5 1 10 4 9 3 
20107
1 1 1 1 1 1 1 1 1 1 
6 9 6 3 1 10 10 10 3 6 1 3 3 10 9 2 5 3 7 8 4 2 7 9 2 3 3 6 1 5 7 7 9 1 10 2 4 1 4 4 4 5 1 6 6 1 3 7 3 8 
22763
1 1 1 1 1 1 1 1 1 1 
7 3 10 10 4 6 9 9 8 5 10 8 3 6 5 1 3 6 5 5 6 8 2 3 1 1 4 7 1 9 1 6 1 4 2 7 8 1 6 7 3 9 5 10 5 1 3 4 8 1 
19805
1 1 1 1 1 1 0 1 1 1 
3 10 6 2 9 9 3 2 5 4 3 2 4 5 8 1 10 1 6 10 6 8 2 9 6 5 10 4 1 6 4 10 8 3 4 1 8 4 9 3 5 5 9 5 6 9 4 9 8 1 
17997
1 1 1 1 1 1 1 1 1 1 
1 10 2 5 2 10 6 3 1 7 5 2 1 8 8 4 5 9 9 8 3 2 10 5 7 2 3 2 4 1 5 7 8 10 5 3 8 6 4 6 7 1 2 4 3 8 9 1 9 1 
20184
1 1 1 1 1 1 1 1 1 1 
9 5 6 5 2 5 7 7 6 2 10 7 4 7 4 3 8 1 8 8 1 3 9 3 4 7 2 2 4 7 1 1 6 6 5 3 2 6 5 4 5 3 9 2 8 1 3 4 5 4 
22365
1 1 1 1 1 1 1 1 1 1 
5 1 2 4 2 9 10 3 3 2 10 9 9 5 4 9 1 3 10 6 1 10 3 1 2 6 6 6 8 5 3 6 10 7 2 7 8 3 1 6 8 9 7 2 1 5 10 4 8 9 
19579
1 1 1 1 1 1 1 1 1 1 
4 1 10 2 5 10 1 10 5 2 5 8 10 3 2 4 3 3 10 8 9 1 5 1 7 2 6 6 10 5 5 7 2 4 5 5 2 6 9 5 5 4 7 3 1 3 3 1 8 1 
18079
1 1 1 1 1 1 1 1 1 1 
1 4 4 10 6 3 3 8 9 8 10 9 4 3 1 4 3 9 10 3 2 2 8 5 2 3 3 8 6 1 3 7 4 10 4 10 4 6 9 7 7 9 6 6 5 6 1 6 5 7 
20323
1 1 1 1 1 1 1 1 1 1 
9 1 2 8 4 4 3 7 5 6 4 5 3 10 8 10 2 3 1 9 2 1 2 8 9 3 4 2 9 6 9 7 1 9 7 4 3 4 6 9 7 1 2 3 4 1 5 2 2 4 
22852
1 1 1 1 1 1 1 1 1 1 
1 9 1 8 4 9 1 7 4 2 2 9 1 6 3 1 1 3 6 1 9 10 2 5 2 6 4 2 10 4 7 6 9 3 10 5 9 7 7 6 1 9 5 6 3 10 10 4 4 2 
21691
0 1 1 1 1 1 1 1 1 1 1 1 1 1 1 1 1 1 1 1 
11 7 17 10 19 20 3 15 18 7 8 5 20 11 16 18 6 9 20 4 13 8 13 19 12 2 6 18 12 3 19 10 15 13 4 11 2 20 19 8 2 18 17 17 15 16 14 7 19 7 
20586
1 0 1 1 1 0 1 1 1 1 1 1 1 1 1 1 1 1 1 1 
1 4 8 14 3 9 17 12 8 18 20 20 4 10 5 15 12 15 5 9 7 16 13 19 15 9 13 18 10 19 3 14 14 8 19 7 16 9 5 14 7 3 16 17 19 15 8 5 9 11 
23975
1 1 1 1 0 1 1 1 1 0 1 1 1 1 0 0 1 1 1 1 
19 9 19 17 20 14 11 9 7 2 11 7 18 18 3 18 17 17 4 18 6 19 1 2 17 12 6 20 11 19 3 4 20 7 12 4 2 3 20 14 20 1 13 6 8 7 7 11 14 19 
27148
0 1 0 1 0 1 1 1 0 1 1 0 1 1 1 1 1 1 1 1 
15 4 13 14 13 8 7 17 10 6 16 2 6 6 15 8 16 2 16 18 19 6 19 18 14 20 8 20 14 2 20 8 6 17 7 11 16 20 20 2 15 11 4 7 7 7 7 17 16 7 
23340
0 1 1 1 0 0 1 1 1 1 1 1 1 0 1 0 1 1 1 1 
18 17 7 15 4 19 11 15 7 2 3 20 13 9 3 20 15 17 19 4 9 13 17 13 3 4 19 3 2 12 11 13 12 2 18 7 18 20 19 11 7 8 15 20 4 11 20 18 7 10 
21052
1 1 1 1 1 0 1 1 1 1 1 1 1 1 1 1 1 1 1 0 
17 10 1 17 4 15 18 17 16 13 7 19 12 13 5 12 1 11 19 8 5 13 13 16 7 9 3 14 10 4 3 3 16 17 12 12 9 15 12 4 2 9 3 12 9 2 13 11 5 11 
23574
0 1 1 1 0 1 0 1 1 1 1 1 1 1 1 1 1 1 1 1 
6 2 10 12 16 19 13 14 10 13 16 6 2 19 2 19 4 6 4 10 9 6 17 14 13 6 6 18 16 12 3 15 14 11 6 19 9 20 9 16 18 15 14 14 16 20 16 12 8 10 
27657
1 1 1 1 1 1 1 0 1 1 1 1 1 1 1 1 1 0 1 1 
15 11 3 14 15 20 4 14 14 9 4 2 5 15 3 1 7 11 20 10 7 16 2 5 11 13 6 16 9 13 12 19 20 17 16 17 4 4 13 19 7 13 1 20 19 5 7 11 13 10 
22366
0 1 1 0 1 1 1 1 1 1 1 1 1 1 1 0 1 0 1 1 
7 9 17 8 15 3 19 3 17 19 9 2 11 17 6 7 9 8 3 6 13 8 19 5 7 9 14 5 15 12 3 9 3 11 12 11 5 5 20 19 11 11 12 9 10 10 10 9 3 10 
20763
1 1 1 1 1 1 1 1 0 1 0 1 1 1 1 1 1 1 1 1 
2 13 7 18 13 10 16 3 4 8 8 5 7 19 20 7 7 6 18 4 17 13 8 14 10 2 2 12 2 2 7 8 2 7 2 1 19 19 13 3 1 1 15 8 6 14 8 2 3 4 
24052
1 1 1 1 1 1 1 1 1 0 1 1 1 1 0 1 1 1 1 1 
3 20 13 14 4 12 13 2 13 14 19 2 20 16 9 4 8 2 2 12 4 14 16 5 7 3 19 11 2 6 19 6 12 12 2 11 13 4 20 19 11 8 11 1 20 6 17 7 3 18 
26597
1 1 1 1 1 1 1 1 0 0 1 0 0 0 1 1 1 1 0 1 
2 15 16 6 18 2 18 8 2 2 1 5 17 17 15 7 3 15 6 16 4 20 8 4 2 20 1 7 4 4 18 4 3 20 11 17 16 3 3 4 6 11 7 17 15 1 2 2 3 11 
86431
1 1 1 1 1 1 1 1 1 1 1 1 1 1 1 1 1 1 1 1 1 1 1 1 1 1 1 1 1 1 
29 25 2 26 19 29 28 14 25 18 18 28 25 7 22 6 22 1 3 5 23 8 22 29 23 5 11 29 23 27 14 8 15 8 20 26 23 13 18 4 30 20 11 24 20 23 16 14 23 14 18 3 6 22 18 20 28 5 28 19 26 3 7 9 19 20 2 5 27 12 23 9 12 19 1 28 29 17 13 24 19 1 29 18 28 6 13 30 28 28 10 16 1 27 15 3 23 24 1 17 14 14 1 30 12 13 11 9 24 29 7 17 18 30 2 2 6 3 10 15 28 19 18 8 9 16 30 24 6 25 26 19 28 15 21 12 2 6 29 15 8 12 21 28 16 10 18 13 3 18 
83138
1 1 1 1 1 1 1 1 1 1 1 1 1 1 1 1 1 1 1 1 1 1 1 1 1 1 1 1 1 1 
29 1 17 15 1 16 7 1 16 10 23 3 7 24 4 14 8 1 14 14 20 30 30 24 25 23 8 4 21 23 12 26 19 21 3 19 30 23 13 15 3 24 3 27 6 16 8 23 25 25 8 21 3 10 21 15 30 8 20 23 24 8 21 24 25 26 1 19 23 9 28 15 8 28 12 30 12 5 18 22 7 5 20 1 13 8 8 28 11 8 29 1 15 17 29 1 29 4 16 1 7 9 18 30 22 3 13 24 9 10 14 4 5 21 11 10 19 4 4 30 9 1 23 14 5 15 26 21 8 17 1 23 1 22 30 20 2 28 26 8 8 23 26 16 4 13 25 26 7 2 
88276
1 1 1 1 1 1 1 1 1 1 1 1 1 1 1 1 1 1 1 1 1 1 1 1 1 1 1 1 1 1 
10 26 29 3 22 1 10 22 29 3 6 28 24 13 13 4 4 3 9 4 6 13 18 2 22 21 23 3 26 13 7 17 4 20 26 30 6 16 21 3 12 21 8 21 26 12 17 29 24 20 6 8 12 3 16 20 12 19 12 22 17 22 5 8 1 7 23 26 24 24 26 24 23 8 1 10 17 7 5 30 14 30 8 1 18 18 18 28 21 9 14 23 15 18 1 8 23 17 29 30 5 20 4 6 28 15 28 9 15 25 27 7 14 13 20 20 16 2 25 5 15 26 5 20 18 9 26 24 13 18 28 3 19 28 14 29 6 11 11 6 14 29 16 12 22 9 8 10 29 9 
95368
1 1 1 1 1 1 1 1 1 1 1 1 1 1 1 1 1 1 1 1 1 0 1 1 1 1 1 1 1 1 
15 23 28 2 27 8 8 8 9 17 3 14 23 29 20 19 9 29 15 25 16 19 1 2 15 8 30 16 3 26 20 26 12 1 20 17 10 14 29 6 8 26 5 9 3 28 16 11 16 16 12 9 9 30 8 19 1 18 12 21 12 16 3 25 28 6 15 6 26 10 14 1 24 13 28 6 27 29 1 12 4 5 15 5 8 8 10 28 4 30 5 1 16 1 4 30 18 5 4 19 27 17 16 6 20 9 8 5 30 2 12 29 27 14 18 11 30 16 24 23 2 3 23 7 20 16 9 21 29 24 16 16 23 21 9 15 7 30 15 24 26 26 14 4 1 15 27 29 1 23 
85405
1 1 1 1 1 1 1 1 1 1 1 1 1 1 1 1 1 1 1 1 1 1 1 1 1 1 1 1 1 1 
5 15 15 2 7 26 24 7 12 17 30 21 18 24 12 14 3 14 2 7 28 26 14 6 23 20 28 12 8 16 22 20 1 7 15 9 17 18 13 30 29 12 24 4 25 4 17 21 2 25 28 30 11 1 1 5 4 18 27 18 8 10 4 3 19 1 30 25 9 22 26 1 9 26 30 17 24 4 15 22 21 2 15 1 20 18 6 20 21 20 16 24 13 16 20 9 26 27 23 30 23 24 10 6 18 6 1 8 30 7 3 16 26 4 2 10 30 18 19 7 6 16 12 9 28 25 30 18 24 1 1 8 18 15 11 20 3 11 2 23 18 12 1 9 21 30 26 26 14 27 
81684
1 1 1 1 1 1 1 1 1 1 1 1 1 1 1 1 1 1 1 1 1 1 1 1 1 1 1 1 1 1 
10 30 7 9 19 9 4 24 18 16 8 12 15 27 4 17 22 29 22 4 14 25 1 27 12 17 16 18 10 16 28 10 30 26 20 20 4 5 28 21 3 4 12 24 10 9 9 16 19 6 29 30 15 14 21 23 16 13 9 8 6 20 20 22 12 3 22 11 26 24 5 24 3 24 30 15 10 18 23 10 6 2 11 1 7 25 15 28 7 17 26 29 26 17 18 8 4 20 28 29 25 12 18 25 6 14 15 8 14 20 28 6 28 15 19 16 1 5 14 10 6 5 12 3 8 6 3 20 3 8 29 15 28 23 2 3 28 6 21 28 22 15 28 16 12 30 26 18 21 15 
88642
1 1 1 1 1 1 1 1 1 1 1 1 1 1 1 1 1 1 1 1 1 1 1 1 1 1 1 1 1 1 
30 19 18 18 3 30 16 20 13 18 9 20 16 8 20 21 2 5 15 15 21 20 1 23 17 26 20 19 10 29 24 8 8 20 4 29 6 30 10 15 3 29 19 12 24 24 2 7 25 21 27 26 12 4 21 20 3 27 29 9 15 24 14 20 15 12 18 27 19 2 6 26 5 16 25 21 21 22 19 11 14 30 21 15 18 26 12 8 23 3 18 3 24 23 15 22 1 22 15 27 8 14 29 29 4 29 9 14 28 5 15 25 19 3 12 15 8 26 12 9 27 11 6 28 23 19 1 2 3 12 9 7 22 17 21 30 5 14 1 22 20 2 26 3 23 23 28 28 1 29 
93813
1 1 1 1 1 1 1 1 1 1 1 1 1 1 1 1 1 1 1 1 1 1 1 1 1 1 1 1 1 1 
30 28 18 1 2 18 10 22 14 15 13 10 7 12 11 7 25 28 1 23 26 24 30 21 7 3 6 20 27 3 22 4 19 28 3 8 25 10 8 16 14 9 9 24 11 3 23 22 15 29 25 27 9 12 1 11 13 10 16 15 8 23 21 25 6 17 23 24 13 1 9 5 1 22 12 29 15 8 24 23 8 4 3 20 14 20 15 10 9 7 21 23 1 2 3 28 15 28 15 8 7 2 12 12 15 29 26 2 28 5 21 16 6 21 21 8 9 8 12 12 6 3 26 17 22 27 24 2 18 24 7 10 23 29 17 23 7 25 8 20 12 5 24 24 10 15 10 22 4 4 
84311
1 1 1 1 1 1 1 1 1 1 1 1 1 1 1 1 1 1 1 1 1 1 1 1 1 1 1 1 1 1 
21 13 17 21 28 12 25 29 14 28 25 22 29 30 8 14 25 8 3 15 19 29 4 12 14 29 19 28 18 14 26 1 12 16 15 3 25 9 27 2 15 18 8 6 18 3 17 17 18 3 5 16 29 28 18 12 15 28 19 9 29 1 7 10 28 24 23 14 5 17 5 4 5 22 14 21 4 24 15 24 27 30 24 5 9 14 21 11 13 6 3 21 7 28 4 10 1 7 14 20 8 21 29 16 24 23 22 8 9 6 18 10 20 1 20 19 21 29 1 20 18 22 18 17 24 26 30 22 24 20 5 8 14 15 22 3 4 26 15 25 1 2 25 6 15 14 12 16 18 10 
85365
1 1 1 1 1 1 1 1 1 1 1 1 0 1 1 1 1 1 1 1 1 1 1 1 1 1 1 1 1 1 
1 1 24 26 18 25 17 8 20 11 5 20 11 9 12 3 18 28 24 18 4 5 26 29 25 27 23 23 10 3 11 4 7 22 25 5 20 3 20 10 10 29 6 21 22 20 25 15 20 12 18 20 3 15 25 3 29 26 25 2 29 17 9 21 26 5 26 16 12 16 10 8 24 10 12 1 17 21 24 2 21 8 3 1 14 27 25 5 9 3 2 9 24 6 15 2 30 9 27 25 1 7 9 4 20 30 24 8 2 1 1 14 18 6 30 28 15 19 11 23 21 15 1 5 6 28 23 8 7 28 25 2 23 24 5 7 24 22 20 6 6 20 24 23 26 12 28 16 2 24 
90058
1 1 1 1 1 1 1 1 1 1 1 1 1 1 1 1 1 1 1 1 1 1 1 1 1 1 1 1 1 1 
18 5 14 23 14 5 29 25 16 29 29 18 26 13 18 9 29 17 10 15 8 27 17 16 25 27 18 4 20 9 17 25 8 29 15 4 1 30 30 5 12 3 25 14 27 20 1 15 28 15 4 4 3 30 7 12 18 26 30 4 18 21 25 11 25 17 16 20 15 3 9 1 3 30 16 30 1 27 14 9 7 16 14 21 2 5 9 12 3 16 6 30 14 6 4 12 10 23 6 7 18 4 9 10 4 20 21 2 2 24 11 7 28 21 12 7 18 17 25 26 25 19 30 14 10 25 1 26 28 25 3 29 4 9 18 2 6 30 27 26 14 2 29 13 22 26 30 19 30 10 
93556
1 1 1 1 1 1 1 1 1 1 0 1 1 1 1 1 1 1 1 1 1 1 1 1 1 1 1 1 1 1 
7 1 14 20 19 30 8 3 22 7 30 18 26 21 15 26 1 1 1 21 22 26 26 21 4 13 14 8 6 6 14 14 12 30 19 30 25 7 27 29 8 19 25 23 4 30 9 16 3 18 22 17 29 5 20 26 10 23 2 9 2 6 4 9 19 8 28 3 28 20 4 5 14 5 23 3 1 20 26 16 17 30 19 12 10 28 5 28 7 5 12 25 27 2 12 17 20 20 1 6 24 18 6 23 14 26 13 5 20 15 16 13 19 6 8 29 29 16 5 4 18 13 16 17 17 27 7 8 3 25 15 24 27 7 25 9 29 13 3 20 15 30 26 14 20 1 6 25 26 15 
86014
1 1 1 1 1 1 1 1 1 1 1 1 1 1 1 1 1 1 1 1 1 1 1 1 1 1 1 1 1 1 
28 21 22 21 16 25 25 15 20 26 8 22 16 24 5 3 5 25 23 2 17 24 18 8 14 19 24 30 8 6 12 25 20 1 15 18 4 15 16 7 2 17 10 21 30 5 22 28 26 13 5 21 20 23 17 28 12 24 13 18 15 9 14 12 1 10 9 5 25 13 15 11 13 26 11 23 9 9 19 27 20 12 20 28 25 5 21 26 14 16 30 19 21 25 1 23 26 2 7 28 4 8 3 6 25 4 5 30 6 30 8 12 1 20 30 15 29 12 2 27 20 30 22 9 1 1 6 22 13 18 28 1 12 25 18 21 28 18 24 5 12 24 23 18 26 1 30 25 4 6 
84151
1 1 1 1 1 1 1 1 1 1 1 1 1 1 1 1 1 1 1 1 1 1 1 1 1 1 1 1 0 1 
2 4 7 8 11 25 28 4 6 22 22 26 17 15 30 17 26 22 7 15 23 21 18 28 12 20 7 30 12 14 25 9 18 2 28 20 12 17 20 19 10 10 16 28 14 20 10 26 22 12 5 24 14 30 14 2 9 14 10 9 12 24 19 15 20 3 15 30 16 30 3 9 6 15 8 4 12 30 1 26 24 15 19 28 26 21 1 16 8 28 3 25 6 17 8 25 19 6 30 26 4 6 6 3 16 27 4 15 17 24 4 1 22 1 30 14 26 17 10 6 22 8 2 24 20 30 30 6 10 23 6 23 16 5 7 9 7 10 4 2 16 2 17 21 13 26 9 9 6 23 
89150
1 1 1 1 1 1 1 1 1 1 1 1 1 1 1 1 1 1 1 1 1 1 1 1 1 1 1 1 1 1 
2 2 30 9 24 14 28 10 3 30 1 15 2 15 8 8 2 9 14 20 26 24 19 21 9 9 18 18 7 4 20 8 23 12 3 17 20 17 15 29 9 18 9 24 10 2 20 27 23 5 17 10 26 28 17 22 22 20 30 5 21 16 8 1 1 25 11 12 16 10 2 4 26 16 13 18 23 20 19 18 19 30 18 8 20 12 28 2 7 1 22 26 2 9 25 4 24 3 20 17 21 20 1 24 24 3 11 17 15 9 3 9 12 26 4 3 23 21 2 8 18 14 26 20 1 29 21 4 20 2 28 16 18 15 16 13 8 15 21 10 3 3 3 15 23 6 2 22 29 6 
93105
1 1 1 1 1 1 1 1 1 1 0 1 1 1 1 1 1 1 1 1 1 1 1 1 1 1 1 1 1 1 
4 3 7 30 29 8 8 26 4 9 5 2 25 5 22 16 1 18 23 26 25 8 5 27 5 17 13 10 10 12 26 10 22 29 18 6 25 10 13 23 25 16 16 8 25 15 29 18 15 3 19 9 5 26 13 20 28 30 8 18 5 19 23 15 3 1 25 4 30 1 10 6 29 8 5 30 10 1 3 25 14 23 29 19 30 9 21 5 4 2 13 18 6 16 1 18 2 23 24 18 23 17 20 12 5 3 22 30 20 19 3 10 30 14 16 2 26 3 28 8 15 20 8 16 20 18 4 2 24 23 15 26 25 22 7 5 15 5 29 20 21 30 10 19 25 20 9 26 30 30 
14010
1 1 1 1 1 1 1 1 1 1 
6 10 3 3 1 5 4 6 5 3 5 3 7 4 5 5 5 9 1 10 5 7 7 1 2 6 5 10 7 4 5 9 5 2 4 7 3 2 10 7 3 6 4 4 3 1 5 8 3 7 5 2 1 7 2 4 8 4 9 10 4 4 3 4 4 5 7 8 6 9 2 1 7 7 4 10 6 8 4 4 9 6 6 5 7 10 8 1 5 5 
16494
1 1 1 1 1 0 1 1 1 1 0 0 1 1 1 1 0 1 1 1 
10 19 2 7 18 15 2 7 16 18 2 13 8 1 5 8 15 15 1 19 15 5 2 10 5 1 10 2 18 4 10 14 20 15 18 10 9 20 13 18 8 15 18 18 4 1 20 13 7 16 13 16 9 3 7 20 13 10 7 8 1 10 13 13 10 20 1 9 3 19 9 15 1 2 18 4 8 20 15 16 
17418
1 1 1 0 1 0 1 1 0 0 0 0 1 1 1 1 1 1 0 1 0 1 1 1 1 1 1 1 1 1 
2 13 1 17 3 14 3 7 1 1 24 1 28 15 22 25 27 24 24 16 23 13 8 24 28 25 26 2 18 25 14 20 28 24 7 25 24 30 18 13 5 8 5 5 2 3 14 26 30 3 8 2 28 7 15 16 13 16 26 2 8 5 1 30 30 20 1 27 27 29 
17034
1 1 1 1 1 1 1 1 1 1 
1 5 8 10 8 6 2 6 2 3 1 9 7 1 9 7 3 4 6 1 6 9 2 3 10 1 5 5 4 3 3 6 4 1 4 4 6 10 3 6 3 1 10 3 10 8 7 6 9 7 8 8 2 6 5 5 8 8 5 4 8 3 5 9 8 2 1 3 6 6 5 8 6 3 2 6 8 6 7 8 8 8 1 8 8 7 8 6 7 4 
18873
1 1 1 1 1 1 1 1 1 1 1 1 1 1 1 1 1 0 1 1 
1 16 3 2 10 16 10 2 16 17 3 7 20 2 8 9 15 3 11 4 14 11 8 4 6 3 5 5 1 16 7 1 4 19 12 19 1 15 8 6 6 9 15 2 17 19 9 16 14 17 15 13 12 17 1 15 4 8 9 10 16 3 17 9 20 19 2 12 4 3 6 5 15 6 1 8 9 19 10 20 
19876
1 1 0 1 1 1 1 0 0 0 1 1 1 1 1 1 1 1 1 0 1 1 0 1 1 0 1 1 1 1 
28 4 17 17 14 15 6 30 1 16 18 12 2 7 29 11 5 6 19 18 5 6 7 19 2 27 18 17 24 29 4 1 24 30 1 2 7 30 13 1 5 24 21 2 1 4 17 15 27 5 21 6 14 27 25 16 27 19 30 4 14 18 29 24 19 7 27 28 17 22 
15269
1 1 1 1 1 1 1 1 1 1 
6 3 2 10 7 3 3 2 4 6 3 5 1 2 3 10 4 4 8 1 3 2 3 9 5 3 6 6 4 5 4 1 7 5 8 8 7 3 5 5 2 7 6 2 6 4 9 6 7 6 5 3 6 9 5 1 4 9 5 7 10 8 7 8 9 9 6 3 8 10 8 8 3 6 4 5 1 7 6 3 6 1 10 8 9 9 3 4 8 7 
17984
1 1 0 1 1 1 1 1 1 1 1 1 1 1 1 1 1 0 1 1 
2 5 17 20 17 6 6 12 6 7 7 4 5 7 10 12 5 20 12 1 17 17 15 15 16 4 10 9 7 5 7 14 13 17 8 11 14 5 15 2 2 20 11 17 8 11 10 9 19 15 12 5 1 17 9 14 14 14 17 8 8 13 12 16 14 12 10 16 2 15 13 1 10 2 5 10 11 1 19 17 
18862
1 1 1 1 1 1 1 1 1 1 1 0 1 1 1 1 1 0 1 1 1 0 0 1 1 1 1 0 1 1 
1 7 25 8 5 4 30 13 29 5 6 26 11 26 16 4 6 11 2 15 8 27 9 1 8 8 19 9 11 3 15 11 20 11 8 15 26 16 16 27 19 24 29 24 4 10 11 8 26 9 7 13 29 16 27 30 25 26 2 6 29 14 1 21 17 30 13 10 1 29 
17117
1 1 1 1 1 1 1 1 1 1 
10 3 8 4 6 7 6 8 4 3 2 7 3 10 6 6 2 4 10 4 5 10 6 4 2 4 4 1 5 8 3 8 4 8 4 7 6 1 1 3 10 10 8 3 3 2 6 2 8 8 4 1 4 9 4 8 3 7 2 2 7 8 9 6 5 7 1 6 4 4 5 5 7 8 8 2 5 6 4 1 4 9 3 7 1 9 10 6 8 6 8 9 8 6 5 2 8 10 1 4 
21780
1 1 1 1 1 1 1 1 1 1 1 1 1 1 1 1 1 1 1 1 
2 1 11 11 4 7 3 7 8 1 19 19 16 14 7 2 11 9 16 5 1 1 16 12 4 17 16 15 19 18 7 18 20 3 10 8 10 6 11 14 19 4 19 5 9 14 16 17 10 20 10 11 3 19 8 6 12 2 14 14 9 3 6 6 3 8 1 18 2 13 11 5 13 5 17 20 4 1 16 16 12 8 7 13 12 16 8 3 4 2 8 7 19 19 19 19 7 20 4 6 
22193
1 1 1 1 1 1 1 1 1 1 
10 6 4 5 3 7 8 8 9 2 3 4 4 8 3 5 5 6 6 10 5 1 2 9 4 5 1 2 1 8 9 9 10 9 7 7 5 1 5 5 8 5 6 3 1 4 3 9 3 10 6 4 4 2 3 6 8 7 8 8 4 7 6 6 4 5 8 7 4 3 1 1 4 8 5 7 5 8 6 5 7 9 6 5 6 4 5 4 2 10 7 4 2 5 6 1 5 3 5 7 
26017
1 1 1 1 1 1 1 1 1 1 1 1 1 1 1 1 1 1 1 1 
4 8 8 6 5 14 1 20 2 5 12 6 14 5 7 20 7 4 8 5 16 18 5 14 2 19 3 15 12 4 18 12 20 10 14 15 12 12 8 14 19 10 3 14 13 10 14 2 14 18 17 16 18 1 1 6 2 5 7 5 2 15 5 13 5 13 1 7 18 14 1 10 16 13 20 13 14 7 7 10 4 9 8 6 16 8 2 8 16 10 2 20 16 6 14 12 20 7 11 6 
20201
1 1 1 1 1 1 1 1 1 1 
10 3 1 5 5 2 8 8 10 8 3 3 3 1 7 4 5 5 3 10 7 5 3 1 8 6 6 2 9 3 8 3 7 2 2 9 8 7 3 8 4 9 3 4 2 4 8 8 8 7 4 7 4 5 9 4 1 6 7 7 6 6 6 2 4 8 2 8 3 9 1 6 1 4 8 10 5 10 1 3 4 1 6 7 9 10 3 1 6 1 6 7 10 7 4 10 4 8 5 3 
24010
1 1 1 1 1 1 1 1 1 1 1 1 1 1 1 1 1 1 1 1 
2 7 9 15 14 19 4 5 10 5 12 4 5 13 7 18 5 3 19 5 5 19 16 4 7 1 13 12 3 14 1 2 17 8 9 17 6 6 7 6 16 15 1 5 10 6 6 11 9 19 3 3 7 11 11 7 14 8 8 20 12 6 19 8 1 13 12 11 17 4 1 12 1 14 2 10 12 10 15 10 3 3 13 20 19 16 9 11 6 4 17 14 18 18 3 3 9 6 18 14 
80773
1 1 1 1 1 1 1 1 1 1 1 1 1 1 1 1 1 1 1 1 1 1 1 1 1 1 1 1 1 1 
23 27 3 1 11 15 13 20 17 19 4 23 2 17 30 24 2 7 20 7 28 5 12 30 2 3 11 22 5 7 3 24 24 17 18 5 11 6 2 8 3 10 24 17 9 21 14 6 16 15 24 30 11 1 9 2 1 25 17 28 11 26 22 25 14 30 22 25 5 22 26 27 12 9 24 26 20 10 23 21 4 22 19 4 15 28 12 6 9 12 4 25 26 27 22 3 20 4 14 19 26 14 5 28 18 25 12 22 13 28 18 14 6 26 21 14 27 12 19 21 22 1 9 19 11 22 3 23 12 19 29 1 8 9 20 15 4 28 2 9 30 16 8 30 29 11 12 26 23 23 24 29 21 1 26 6 9 6 15 8 8 29 7 21 24 23 5 20 26 14 21 3 11 14 24 23 23 15 14 12 21 26 16 17 1 20 18 4 6 7 16 6 20 5 19 15 4 4 6 6 
89205
1 1 1 1 1 1 1 1 1 1 1 1 1 1 1 1 1 1 1 1 1 1 1 1 1 1 1 1 1 1 
12 6 19 2 17 1 4 20 6 11 14 29 24 21 22 30 12 14 22 1 17 20 17 23 7 22 24 15 12 20 30 14 17 22 18 21 10 1 6 29 9 7 12 12 30 5 11 18 20 9 11 16 5 2 23 26 29 27 26 24 7 5 2 29 15 11 21 27 14 18 28 7 3 14 16 13 1 24 12 25 4 18 2 26 20 21 30 1 8 12 3 12 15 19 29 23 12 14 30 28 30 5 26 29 21 11 13 30 4 26 27 28 21 30 30 23 28 14 16 18 18 7 5 26 11 11 5 13 19 23 23 12 8 14 14 20 24 8 18 8 7 28 17 25 23 14 23 23 10 17 1 18 21 2 14 5 28 1 27 16 25 22 29 9 6 10 22 9 15 22 11 28 27 19 15 22 6 11 27 13 25 20 12 4 30 28 9 22 22 2 29 15 26 14 26 11 26 17 7 15 
107968
1 1 1 1 1 1 1 1 1 1 1 1 1 1 1 1 1 1 1 1 1 1 1 1 1 1 1 1 1 0 
7 5 26 26 17 13 12 13 1 27 13 14 9 24 15 1 5 21 28 17 26 22 20 15 11 17 3 23 20 26 22 20 4 1 17 7 10 15 26 14 9 18 29 7 11 9 25 24 1 15 5 28 19 10 21 15 9 28 2 28 8 3 17 6 21 23 11 5 29 12 7 5 20 3 4 24 20 10 8 21 16 21 4 26 11 18 26 15 27 9 10 23 15 15 5 11 9 3 7 7 28 21 24 7 15 24 2 11 3 28 20 8 8 12 15 27 19 1 19 10 6 2 12 4 17 28 11 6 20 21 7 4 18 17 6 16 10 8 16 28 9 12 29 7 2 26 6 23 7 26 23 18 13 3 14 12 4 16 18 24 20 5 4 25 14 12 22 1 11 17 18 15 12 23 10 14 11 20 15 9 11 3 28 6 26 7 16 15 16 24 14 16 2 2 18 27 10 18 26 27 
93805
1 1 1 1 1 1 1 0 1 1 1 1 1 1 1 1 1 1 1 1 1 1 1 1 1 1 1 0 1 1 
12 20 22 20 7 19 26 17 25 29 18 15 21 30 29 10 24 3 24 16 16 11 24 20 14 26 11 10 29 19 15 9 17 2 12 20 15 25 25 25 26 18 29 18 2 27 2 12 12 11 23 9 26 7 27 26 30 9 26 16 27 18 15 2 14 2 13 19 17 1 25 4 4 10 1 24 11 2 20 1 23 21 29 25 1 19 27 11 13 23 23 16 26 18 9 14 16 29 7 18 5 1 22 15 24 29 23 29 17 19 17 15 27 20 12 27 22 15 5 22 10 4 13 6 24 25 16 24 10 14 12 12 1 2 22 5 22 10 27 9 4 16 11 11 26 21 23 12 11 11 16 9 10 24 6 25 22 25 2 29 10 3 9 27 12 13 16 30 7 9 14 25 26 12 16 12 7 18 9 4 16 1 1 4 23 2 29 5 26 10 26 24 1 2 30 14 11 11 13 21 
78734
1 1 1 1 1 1 1 1 1 1 1 1 1 1 1 1 1 0 1 1 1 1 1 1 1 1 1 1 1 1 
17 12 8 9 2 3 5 29 27 25 25 11 24 25 12 26 14 7 5 8 13 22 6 5 1 15 29 27 7 8 30 9 14 23 2 7 22 1 29 3 6 10 12 3 14 3 9 3 8 23 29 7 27 5 21 5 28 27 17 8 5 17 29 6 25 22 6 8 1 23 19 29 5 7 16 9 25 21 15 4 4 13 8 6 21 8 1 17 19 23 19 21 20 1 2 30 20 29 5 26 7 5 5 9 26 16 7 14 16 6 29 5 5 5 23 11 12 22 26 25 10 24 4 1 15 16 28 10 24 19 22 2 3 24 27 9 25 10 10 19 25 28 25 8 8 17 17 28 22 6 15 3 25 3 5 12 17 3 17 5 4 27 3 12 1 23 2 7 16 17 9 7 6 22 19 15 5 22 15 2 15 23 27 3 26 15 3 6 12 14 14 22 8 19 19 3 8 6 12 27 
90525
1 1 1 1 1 1 1 1 1 1 1 1 1 1 1 1 1 1 1 1 1 1 1 1 1 1 1 1 1 1 
19 30 3 20 27 11 22 1 28 13 4 2 14 8 18 12 22 17 9 12 30 20 1 19 16 9 6 5 24 11 8 6 27 16 10 2 15 3 10 22 4 29 17 19 18 27 14 17 30 20 26 29 16 11 24 18 21 14 21 7 5 13 5 3 2 28 29 27 29 22 7 26 6 11 27 29 3 4 14 23 6 4 5 30 26 11 29 14 11 1 16 25 23 16 27 27 15 30 10 12 7 17 29 22 30 25 10 12 6 12 25 15 25 18 11 7 18 28 13 11 1 28 27 27 26 26 23 17 22 15 12 25 7 20 25 28 13 1 18 15 13 23 8 23 14 26 22 11 23 9 17 9 23 10 14 26 25 25 28 25 15 15 2 7 6 25 13 28 15 8 25 30 15 29 5 5 16 24 14 29 5 24 24 2 7 13 21 28 27 20 4 10 6 8 25 20 11 11 17 15 
109117
1 1 1 1 1 1 1 1 1 1 1 1 1 1 1 1 1 1 1 1 1 1 0 1 1 0 1 1 1 1 
10 28 18 17 18 19 17 8 7 5 8 18 28 2 12 5 6 15 3 2 8 12 10 29 13 12 22 25 30 21 1 11 3 8 9 3 29 17 4 18 8 3 7 29 17 20 20 28 24 2 21 7 20 27 11 16 3 4 5 22 7 9 24 11 17 13 3 10 4 18 3 19 17 17 24 15 18 14 1 21 14 15 9 5 7 18 2 17 2 19 24 1 13 13 6 27 13 15 29 19 4 4 19 7 13 29 11 2 15 15 12 18 2 1 3 18 3 18 1 21 3 5 19 29 30 7 5 27 29 13 16 6 24 1 14 16 27 28 14 1 13 17 12 20 22 7 14 28 8 1 25 14 1 3 13 3 25 30 27 3 20 8 15 20 8 18 6 29 24 17 14 7 16 7 10 24 27 10 15 12 18 7 3 8 7 12 27 22 30 24 3 11 9 29 10 21 8 11 9 19 
96329
1 1 1 1 1 1 1 1 1 1 1 1 1 1 1 1 1 1 1 1 1 1 1 1 1 1 1 1 1 1 
11 26 24 15 13 7 23 28 18 12 19 20 7 9 11 3 18 11 12 13 13 22 16 15 21 15 3 23 4 11 9 4 5 4 16 15 19 18 3 10 21 21 21 17 4 11 10 30 18 22 3 20 25 27 28 26 20 17 23 17 6 8 7 16 29 19 25 12 29 14 23 18 11 27 14 11 11 28 26 13 2 22 18 6 23 4 9 10 4 13 28 4 26 13 14 9 25 10 4 18 4 21 8 16 11 20 14 13 1 18 2 19 24 25 19 6 10 23 19 26 20 10 29 29 30 19 4 25 6 6 14 7 27 12 17 17 11 27 19 18 28 18 20 27 18 17 25 14 3 17 1 8 21 5 14 25 22 3 30 19 14 3 14 4 29 26 27 21 14 4 9 28 1 9 10 24 19 14 15 9 23 29 28 7 13 24 16 30 29 8 3 3 18 19 19 19 26 4 13 11 
79265
1 1 1 1 1 1 1 1 1 1 1 1 1 1 1 1 1 1 1 1 1 1 1 1 1 1 1 1 1 1 
19 9 10 19 3 19 3 19 14 19 20 2 6 3 17 15 13 8 5 19 20 30 11 28 4 23 24 23 23 6 18 16 5 23 1 10 17 8 17 3 26 2 13 20 5 6 14 20 29 3 3 17 22 15 11 1 11 20 6 7 5 9 23 24 29 19 24 29 15 11 26 27 11 13 10 24 18 14 9 7 27 6 29 16 2 29 30 8 1 27 10 6 10 2 12 28 12 21 22 2 9 8 30 19 2 25 21 25 28 20 25 19 23 12 24 30 5 29 13 10 11 12 23 11 4 28 3 15 19 9 12 24 6 21 13 11 24 24 13 8 28 29 22 1 11 17 24 30 29 18 15 17 11 6 7 1 22 24 7 25 29 23 28 14 6 19 6 30 11 4 6 27 4 8 13 8 17 27 13 20 17 27 11 8 27 10 24 20 7 1 7 14 26 24 13 4 8 17 12 13 
88110
1 1 1 1 1 1 1 1 1 1 1 1 1 1 1 1 1 1 1 1 1 1 1 1 1 1 1 1 1 1 
18 12 24 21 11 28 22 1 19 20 7 21 6 24 18 26 4 24 22 27 22 23 17 23 14 18 21 22 27 14 25 24 26 22 4 18 6 17 9 16 12 21 1 13 30 3 7 3 18 25 6 1 2 25 30 25 19 7 18 13 1 22 1 14 24 28 12 11 20 9 24 25 25 12 30 29 13 8 7 26 2 15 21 29 15 17 11 7 26 6 26 30 26 13 17 26 16 20 17 1 12 22 6 12 20 21 30 14 26 4 15 30 22 19 25 25 9 26 27 26 26 23 3 28 9 10 21 21 7 25 4 21 13 26 22 23 20 19 12 17 12 1 28 16 12 23 3 28 30 18 3 18 9 30 10 6 20 12 6 15 27 18 11 1 6 5 9 3 11 8 14 5 22 26 8 15 7 30 10 27 29 25 2 9 20 11 5 26 16 30 23 22 21 4 8 25 23 3 30 1 
109598
1 1 1 1 1 1 1 1 1 1 1 1 1 1 1 1 1 1 1 1 1 1 1 1 1 1 1 1 1 1 
4 3 7 18 15 7 1 30 11 10 11 25 20 6 26 23 29 24 8 17 4 18 4 15 30 4 22 29 10 3 22 29 19 8 23 28 14 9 25 14 2 18 7 20 16 20 16 17 12 28 20 25 14 6 8 1 13 23 26 28 28 12 27 7 10 29 2 18 18 10 12 16 12 16 20 30 5 8 4 29 11 29 26 17 7 4 13 18 18 14 1 15 26 12 14 5 9 20 9 18 7 18 10 19 24 5 10 22 3 9 1 2 2 6 7 14 30 12 16 24 26 29 1 29 23 21 3 1 28 14 23 10 16 30 10 21 11 24 26 4 13 28 28 20 18 15 12 5 19 25 1 28 18 12 20 6 28 25 27 17 27 12 7 24 16 21 9 4 2 6 1 1 21 1 11 22 26 10 29 5 8 22 5 13 26 2 13 30 16 15 11 23 8 20 20 13 6 3 24 14 
95112
1 1 1 1 1 1 1 1 1 1 1 1 1 1 1 1 1 1 1 1 1 1 1 1 1 1 1 1 1 1 
29 9 27 15 29 26 13 5 19 2 3 7 20 25 29 30 3 21 14 16 5 17 16 25 6 7 9 25 19 23 5 2 17 23 3 21 4 24 25 18 10 18 19 22 5 30 14 11 17 22 25 17 19 22 5 3 3 30 22 28 6 25 24 6 7 1 27 22 10 19 15 9 14 5 2 27 24 21 21 26 17 22 12 10 30 1 26 14 13 25 9 13 13 18 2 5 27 15 29 5 6 25 15 30 15 30 9 18 15 3 16 2 3 1 26 27 22 1 26 13 27 20 29 30 7 9 21 25 5 18 8 1 5 3 3 9 18 3 11 25 10 28 25 9 17 17 3 25 14 23 6 20 9 25 13 12 19 10 22 6 14 25 28 16 17 8 12 15 20 18 30 12 20 1 29 8 24 21 23 18 20 16 3 7 15 21 7 20 14 16 19 16 11 30 19 15 19 25 29 20 
78635
1 1 1 1 1 1 1 1 1 1 1 1 1 1 1 1 1 1 1 1 1 1 1 1 1 1 1 1 1 1 
8 18 3 7 6 6 3 2 27 20 9 18 30 15 4 27 30 2 7 23 9 11 28 20 5 28 28 3 9 17 29 14 18 17 9 29 16 14 1 7 20 5 8 16 11 6 11 15 18 3 14 12 12 21 16 18 22 17 15 9 15 25 19 28 7 20 27 23 22 21 18 15 12 12 10 3 3 22 10 16 16 14 18 12 27 25 26 6 25 11 4 17 3 3 3 24 29 15 22 28 3 23 29 27 22 7 27 7 25 27 17 17 29 24 23 15 27 19 24 16 16 21 18 20 20 18 17 26 23 23 16 17 26 29 1 14 4 4 19 14 12 19 29 26 13 10 25 16 3 7 7 30 18 11 12 19 17 25 15 24 22 29 14 25 6 29 14 13 18 20 27 16 26 15 9 29 2 30 1 4 17 28 28 6 17 14 22 27 25 16 19 21 28 1 5 26 26 24 11 17 
89495
1 1 1 0 1 1 1 1 1 1 1 1 1 1 1 1 1 1 1 1 1 1 1 1 1 1 1 1 1 1 
24 5 16 14 18 6 17 20 5 3 11 15 11 26 24 28 20 8 6 17 15 23 28 20 1 1 23 29 30 28 9 1 2 11 11 30 8 7 12 17 17 14 15 8 22 15 23 5 27 1 22 17 22 12 30 29 14 6 16 28 22 23 12 10 5 2 30 22 24 11 8 25 26 6 13 10 14 7 21 29 11 21 27 18 19 19 10 24 26 5 13 20 6 21 26 15 9 7 27 11 29 21 25 17 30 22 27 1 10 11 7 8 15 25 30 27 29 5 22 6 6 11 28 17 15 11 24 2 11 11 17 25 22 19 17 14 11 2 12 5 26 25 15 28 22 24 21 16 19 5 29 13 9 16 17 20 14 16 11 6 28 25 12 22 14 24 9 10 12 15 1 16 27 3 19 17 30 11 2 2 28 24 17 19 18 25 6 14 21 22 20 10 21 1 18 27 5 18 19 27 
110705
1 1 1 1 1 1 1 1 1 1 1 1 1 1 1 1 1 1 1 1 1 1 1 1 1 1 1 1 1 1 
3 27 6 1 3 25 26 4 22 1 25 13 25 6 21 28 9 1 19 6 24 21 10 11 7 15 18 24 5 24 13 22 1 8 17 20 15 21 3 16 6 24 29 28 26 26 24 12 28 26 6 15 16 26 27 12 7 4 13 18 29 15 29 29 26 24 7 1 17 16 26 26 12 28 21 5 2 12 4 2 4 7 23 12 14 9 23 18 20 18 22 19 7 12 8 7 28 24 15 7 4 10 18 16 23 30 11 10 30 5 10 22 6 7 28 4 21 28 16 4 27 2 6 19 4 16 25 3 30 18 8 14 18 27 2 29 25 2 26 9 10 18 11 5 18 21 22 16 5 19 2 21 18 19 10 25 11 25 27 4 6 21 20 3 28 17 1 13 9 18 4 16 23 28 18 1 13 17 13 24 26 2 17 14 28 12 23 9 9 2 16 12 12 18 26 29 13 19 25 14 
95813
1 1 1 1 1 1 1 1 1 1 1 1 1 1 1 1 1 1 0 1 1 1 1 1 1 1 1 1 1 1 
12 25 24 1 27 24 25 28 29 20 26 5 27 28 26 5 23 7 28 26 29 21 12 17 24 3 2 17 12 11 24 8 13 17 5 5 10 28 16 24 15 14 25 9 14 22 27 24 6 4 18 18 29 18 2 2 9 10 18 7 20 25 4 11 28 30 5 23 7 27 7 5 27 20 7 4 20 28 21 20 22 1 27 27 20 29 7 28 7 8 7 21 27 30 16 14 16 22 25 6 2 16 27 1 9 10 7 13 3 10 30 18 12 24 6 21 21 27 20 16 12 13 17 11 5 11 20 27 7 22 2 28 28 24 14 3 4 5 2 16 22 6 27 28 28 27 4 13 11 5 28 17 3 14 25 20 12 23 29 4 25 14 17 2 25 27 6 23 11 27 2 5 15 7 12 22 30 25 1 11 5 2 17 12 11 25 4 24 4 26 24 3 12 29 13 11 28 14 18 20 
