9718
1 1 1 1 1 1 1 0 1 1 
1 9 2 7 4 1 3 5 5 2 10 4 4 3 9 4 5 9 10 5 4 5 7 10 3 6 2 6 1 6 3 7 1 4 10 5 5 4 1 5 2 9 2 6 5 1 5 1 5 1 
9065
1 1 1 1 1 1 0 1 0 1 
1 3 2 6 4 1 3 5 5 6 10 1 4 3 1 4 5 3 10 8 2 5 10 5 3 6 4 6 4 6 3 6 1 4 10 5 5 4 1 5 2 1 2 6 8 1 5 4 5 1 
9991
1 1 1 1 1 1 0 1 1 1 
1 9 2 6 4 9 3 5 5 2 10 9 4 3 9 4 5 1 10 8 4 5 10 5 3 6 2 6 1 6 3 6 1 4 10 5 5 4 4 5 2 9 2 6 8 1 5 1 5 1 
11942
1 1 1 1 1 1 1 1 1 1 
9 3 2 7 4 9 3 5 5 2 10 1 4 3 9 4 5 1 10 8 4 5 7 5 3 6 2 6 1 6 3 7 1 4 10 5 5 4 1 5 2 9 2 6 8 1 5 1 5 1 
9997
1 1 1 1 1 1 1 0 1 1 
1 9 2 7 4 9 3 10 3 2 10 9 4 3 9 1 5 2 10 10 4 9 7 5 3 6 2 6 1 6 3 7 1 4 10 5 5 4 4 5 2 9 2 6 5 1 3 1 5 9 
8465
1 1 1 1 1 1 1 1 1 1 
9 3 2 7 2 9 3 10 5 2 10 9 4 9 9 4 5 4 10 8 4 5 7 8 3 6 2 6 1 6 3 7 1 4 10 5 5 4 1 5 2 9 2 6 8 1 3 1 5 1 
10131
1 1 1 1 1 1 1 1 1 1 
9 9 2 7 4 9 3 5 5 2 10 9 4 3 9 4 3 1 10 8 4 9 7 8 3 6 2 6 9 6 3 7 1 4 10 5 5 4 1 5 2 3 2 6 8 1 5 1 5 1 
12460
1 1 1 1 1 1 0 1 1 1 
3 9 2 6 2 9 3 5 5 2 10 9 4 4 9 1 5 1 10 8 4 9 10 5 3 6 2 6 1 6 3 6 1 4 10 8 5 4 1 5 2 9 2 6 8 1 3 4 5 9 
9197
1 1 1 1 0 1 0 1 1 1 
9 9 2 6 4 9 3 10 3 2 10 9 4 3 9 4 3 1 10 8 4 9 10 8 3 6 2 6 1 6 3 6 1 4 10 8 8 4 1 3 2 9 2 6 8 1 3 1 8 1 
7695
1 1 1 1 1 1 1 1 1 0 
9 9 2 7 4 9 3 5 5 2 5 9 4 3 9 4 5 1 7 8 4 9 7 5 3 6 2 6 1 6 3 7 1 4 5 5 5 4 1 5 2 9 2 6 8 1 5 1 5 1 
9550
1 1 1 1 1 1 1 0 1 1 
9 9 2 7 4 9 3 5 3 2 10 9 4 3 9 4 5 1 10 5 4 9 7 5 3 6 2 6 1 6 3 7 1 4 10 5 5 4 1 5 2 9 2 6 5 1 5 1 5 1 
10880
1 1 1 1 1 0 1 0 1 1 
9 9 2 7 4 9 3 5 5 2 10 9 4 3 9 4 5 1 10 5 4 9 7 5 3 7 2 2 1 2 3 7 1 4 10 5 5 4 1 5 2 9 2 7 5 1 5 1 3 1 
10378
1 1 1 1 0 1 1 1 1 0 1 0 1 0 0 0 0 0 1 1 
1 13 11 11 2 19 4 19 13 2 8 20 2 7 3 4 6 11 2 7 13 6 8 20 7 2 1 4 4 4 3 8 3 1 4 11 4 20 20 3 7 1 6 1 9 6 13 11 20 9 
7567
0 1 0 1 0 0 1 0 0 0 1 1 1 1 0 1 1 1 0 1 
17 13 11 11 2 13 18 14 13 18 16 20 2 7 14 4 16 11 18 7 13 16 16 20 7 18 17 18 2 18 14 16 14 17 4 11 12 20 20 14 7 17 16 17 12 14 13 11 20 7 
10601
0 0 1 1 1 1 1 0 1 0 1 0 0 0 1 1 1 0 1 1 
17 4 11 11 20 19 4 19 15 5 16 5 20 7 3 4 16 11 5 7 15 16 16 20 7 5 17 4 4 5 3 16 3 17 4 11 4 20 20 3 7 17 6 17 9 6 15 11 20 9 
12883
1 1 0 1 0 1 0 0 1 0 1 0 0 1 1 0 0 1 1 1 
1 2 11 11 2 19 18 14 15 18 6 20 2 11 14 4 6 11 18 9 15 6 1 20 11 18 1 18 2 18 14 15 14 6 4 11 4 20 20 14 15 1 6 1 9 6 19 15 20 9 
9325
1 1 0 0 0 1 1 0 0 0 1 1 1 1 1 0 0 1 0 1 
1 13 11 11 2 13 18 14 15 18 6 20 2 7 14 12 6 11 18 7 13 6 6 20 7 18 1 18 2 18 14 15 14 1 2 11 12 20 20 14 7 6 1 1 12 6 15 11 20 7 
8212
1 1 1 1 1 0 0 1 0 1 1 0 0 0 1 1 0 1 0 0 
8 2 11 11 2 16 18 16 15 18 16 5 2 10 3 4 16 11 5 10 15 16 16 3 10 18 1 18 2 18 3 8 3 1 4 11 4 2 2 3 11 1 1 1 4 16 15 11 3 10 
10664
0 1 1 1 1 1 1 0 0 0 1 0 1 0 1 0 1 0 0 1 
17 13 11 11 2 13 4 3 15 5 6 5 2 7 3 4 6 11 5 7 13 6 6 20 7 5 17 4 2 5 3 15 3 17 4 11 4 20 20 3 7 17 6 17 4 6 15 11 20 7 
12893
0 1 1 1 0 0 1 1 0 0 0 0 1 0 1 0 1 0 1 1 
17 13 8 8 2 19 4 19 15 4 8 20 2 7 3 4 19 8 2 7 13 19 8 20 7 2 17 2 2 4 3 8 3 17 4 8 4 20 20 3 7 17 19 17 4 19 15 7 20 7 
9923
1 1 0 1 0 0 0 1 0 1 1 0 1 0 1 0 0 1 0 1 
1 13 11 11 2 13 18 20 15 18 8 20 2 11 20 4 8 11 18 10 13 8 8 20 10 18 1 18 2 18 20 8 20 1 4 11 4 20 2 20 11 1 1 1 4 8 15 11 2 10 
8398
0 1 0 1 1 1 1 0 0 0 1 1 0 0 0 1 1 0 1 1 
17 2 11 11 2 19 4 19 4 5 16 5 2 7 19 4 16 11 5 7 19 16 16 20 7 5 17 4 2 5 19 16 19 17 4 11 12 20 20 19 7 17 6 17 12 6 16 11 20 7 
10010
0 1 1 1 0 1 1 0 0 0 1 0 1 0 0 1 1 1 0 1 
17 13 11 11 2 13 18 3 13 18 16 20 2 7 3 4 16 11 18 7 13 16 16 20 7 18 17 18 2 18 3 16 3 17 4 11 4 20 20 3 7 17 6 17 4 6 13 11 20 7 
11945
1 1 0 0 1 0 1 1 0 0 1 0 1 1 0 0 0 0 1 0 
1 13 11 11 2 19 2 14 13 5 8 5 2 7 14 13 8 11 5 7 13 19 8 14 7 5 1 2 2 5 14 8 14 1 2 11 2 2 2 14 7 1 1 1 7 14 13 11 5 7 
14244
1 0 1 0 0 1 0 1 1 1 0 1 0 0 1 0 0 1 0 1 1 0 0 0 1 1 0 0 1 0 
21 12 21 3 21 6 3 10 15 18 10 9 9 21 20 15 15 1 6 12 3 1 6 18 6 9 20 25 6 25 6 26 21 26 21 21 25 25 1 15 1 15 25 29 25 15 1 21 12 9 6 15 15 6 21 21 18 12 1 15 1 6 21 12 12 12 25 1 6 10 21 21 12 18 25 9 10 21 15 25 21 8 21 18 18 1 18 8 21 6 3 25 8 12 18 10 3 20 26 21 9 18 15 26 3 26 18 12 15 29 15 15 3 12 12 26 25 25 25 25 6 9 26 21 9 1 6 25 1 26 1 12 25 6 9 15 8 6 21 18 1 9 21 15 9 26 26 6 3 6 
13441
1 0 1 1 0 1 0 1 1 1 0 1 0 1 1 1 1 1 0 0 1 0 0 0 1 1 0 0 1 1 
21 12 21 3 21 6 3 10 15 18 25 17 9 21 4 15 15 18 6 12 3 1 6 4 6 9 3 25 6 25 6 26 14 26 21 21 25 16 1 15 1 15 16 29 25 15 1 14 12 9 30 15 15 6 21 21 18 12 1 15 1 6 21 12 12 12 10 1 6 25 21 21 12 1 25 9 25 21 15 25 21 8 21 1 18 18 18 8 21 6 3 25 18 12 18 25 15 3 26 17 9 18 15 26 3 30 18 12 15 29 15 15 3 12 12 26 25 25 25 25 6 9 26 14 17 1 6 25 1 26 1 12 25 6 9 15 8 6 21 18 1 9 21 15 9 26 26 6 3 6 
15537
1 0 1 1 0 1 0 1 1 0 0 1 0 1 1 0 0 1 0 0 1 0 0 0 1 1 0 0 1 1 
21 12 14 3 21 6 3 25 15 18 25 9 9 21 4 15 15 1 6 12 3 1 6 4 6 9 3 25 6 25 6 26 21 26 21 21 25 25 1 15 1 15 25 29 25 15 8 14 12 9 30 15 15 6 21 21 18 12 1 15 1 6 21 12 12 12 25 1 25 25 21 21 12 1 25 9 25 21 15 25 21 8 14 18 18 18 18 8 21 6 3 25 18 12 8 6 3 4 26 21 9 18 18 26 3 30 18 12 15 29 15 15 3 12 12 26 25 25 25 25 6 9 26 14 9 1 6 25 1 30 1 12 25 6 9 15 8 6 21 18 1 9 21 15 9 26 26 6 3 6 
20164
1 0 1 1 0 1 0 1 0 0 0 1 0 1 1 1 0 1 0 1 1 0 1 0 1 1 0 0 1 1 
21 12 14 3 21 6 3 25 15 18 23 21 29 21 4 15 15 1 6 12 3 1 6 4 6 21 20 25 6 25 6 26 14 26 21 21 25 16 1 15 1 15 16 29 25 15 8 14 12 29 30 15 15 6 14 21 18 12 1 15 1 6 21 12 12 12 25 1 25 23 21 21 12 18 25 21 23 21 15 25 21 8 21 18 20 1 18 8 21 6 3 25 18 12 18 6 3 20 26 14 29 18 15 26 3 30 18 12 15 29 15 15 3 12 12 26 25 25 25 25 6 29 26 14 21 1 6 25 1 26 1 12 25 6 29 15 18 6 21 18 1 29 21 15 21 26 26 6 3 6 
17313
1 0 1 0 1 1 1 1 1 1 0 1 0 1 1 1 0 1 0 1 1 1 1 0 1 1 0 1 1 1 
21 12 21 3 21 6 3 25 15 18 23 9 9 21 18 15 15 18 6 12 3 1 6 18 6 9 20 6 6 25 6 26 7 26 21 21 25 16 1 15 1 9 16 29 25 15 5 14 28 9 30 15 15 6 14 21 18 28 1 15 1 6 21 12 12 12 10 1 25 10 21 7 12 18 25 9 23 21 15 25 21 8 21 18 20 18 18 5 21 6 3 25 18 12 18 6 3 3 22 14 9 18 18 26 3 30 18 12 15 29 15 15 3 12 12 22 25 25 25 25 6 9 26 14 9 1 6 10 1 22 1 12 25 6 9 15 8 30 14 18 1 9 21 15 9 26 26 6 3 25 
13329
1 0 1 0 0 1 0 1 1 1 0 1 0 1 1 0 0 1 0 0 1 0 1 0 1 1 0 1 1 0 
21 12 21 3 21 12 3 10 15 1 23 9 9 21 18 15 15 18 26 12 3 1 6 18 6 9 3 25 6 25 6 26 21 26 21 9 25 25 1 3 1 15 10 29 25 15 8 14 28 9 6 15 15 6 14 14 18 12 12 15 1 6 21 12 12 12 10 1 23 10 21 14 12 18 25 9 10 21 15 25 21 8 14 18 18 18 18 8 21 6 3 25 18 12 18 6 3 3 26 21 9 18 15 26 3 26 18 12 15 29 15 3 3 12 12 28 25 25 25 25 6 9 26 14 9 1 6 25 1 26 1 12 6 6 9 15 18 6 21 18 1 9 21 15 9 26 26 6 3 6 
17871
1 0 1 0 0 1 1 1 1 1 0 1 0 0 1 1 0 1 1 1 1 0 0 0 1 1 0 0 1 1 
21 12 21 3 21 6 3 10 29 18 10 9 9 21 18 15 15 18 6 12 3 1 6 20 6 9 20 25 6 25 6 26 7 26 9 21 25 16 1 15 1 15 16 29 25 15 1 21 12 9 30 15 15 6 21 9 18 12 12 15 1 6 9 12 12 12 10 1 10 25 21 7 12 18 10 9 25 21 15 25 9 8 21 18 18 1 18 8 21 30 3 25 18 12 18 25 3 20 26 19 9 18 18 26 3 30 18 12 15 29 15 15 3 12 12 26 25 25 25 25 12 9 26 21 19 1 6 25 1 26 1 12 6 6 9 15 18 6 21 18 1 9 21 15 9 26 26 6 3 6 
19785
1 0 1 0 0 1 0 1 1 1 0 1 0 1 1 1 1 1 0 1 1 0 0 0 1 1 0 0 0 0 
21 12 14 3 21 12 3 25 15 1 25 17 9 21 20 15 15 18 6 12 3 1 6 18 6 9 20 25 6 25 6 26 21 26 21 21 25 16 1 15 1 15 16 9 25 15 1 14 12 9 6 15 15 6 14 21 18 12 12 15 1 6 21 12 12 12 10 1 10 25 21 21 12 18 25 9 10 21 15 25 21 8 14 18 18 18 18 8 21 6 3 25 18 12 18 25 3 20 26 17 9 18 18 26 3 26 18 12 15 9 15 15 3 12 12 26 25 25 6 25 6 9 26 14 17 1 26 10 1 26 1 12 25 6 9 15 8 6 14 18 1 9 21 18 9 26 26 6 3 12 
15286
1 0 1 0 0 1 0 1 1 1 0 1 0 1 1 0 0 1 0 1 1 0 0 0 1 1 0 1 1 0 
21 12 14 3 21 6 3 25 15 18 25 9 9 21 20 15 15 18 6 12 3 1 6 18 6 9 20 25 6 25 6 26 21 26 21 21 25 25 1 15 1 15 25 29 25 15 1 14 28 9 6 15 15 6 14 21 18 28 12 15 1 6 21 12 12 12 10 1 25 25 21 21 12 18 25 9 10 21 15 25 21 8 14 18 20 18 18 8 21 6 3 25 18 12 18 25 3 20 26 21 9 18 18 26 3 26 18 12 15 29 15 15 3 12 12 26 25 25 25 25 6 9 26 14 9 1 6 25 1 26 1 12 6 6 9 15 8 6 21 18 1 9 21 15 9 26 26 6 3 6 
13317
1 0 1 0 0 1 0 1 1 1 0 1 0 1 1 1 1 1 0 1 1 0 0 0 1 1 0 1 0 1 
21 12 14 3 21 6 3 10 15 18 25 17 9 21 20 15 15 18 6 12 3 1 6 18 6 9 20 25 6 25 6 26 21 26 21 21 25 16 1 15 1 15 16 9 25 15 8 14 28 9 30 15 15 6 14 21 18 28 1 15 1 6 21 12 12 12 10 1 6 25 21 21 12 18 25 9 10 21 15 25 21 8 21 18 20 18 18 8 21 6 3 25 18 12 18 6 3 20 26 17 9 18 18 26 3 30 18 12 15 9 15 15 3 12 12 28 25 25 25 25 6 9 26 14 17 1 6 25 1 26 1 12 25 6 9 15 18 6 21 18 1 9 21 15 9 26 26 6 3 6 
15474
1 0 1 0 0 1 0 1 1 1 0 1 0 1 1 0 0 1 1 0 1 0 0 0 1 1 0 1 0 0 
21 12 14 3 21 6 3 25 15 18 10 9 9 21 18 15 15 18 6 12 3 1 6 18 6 9 3 25 6 25 6 26 21 26 21 21 25 25 1 15 1 15 25 9 25 15 1 14 28 9 6 15 15 6 21 21 18 28 12 15 1 6 21 12 12 12 25 1 10 25 21 21 12 18 25 9 25 21 15 25 21 8 21 18 18 18 18 8 21 6 3 25 18 12 18 6 3 3 26 19 9 18 18 26 3 26 18 12 15 9 15 15 3 12 12 26 25 25 25 25 6 9 26 14 19 1 6 10 1 26 1 12 25 6 9 15 8 6 21 18 1 9 21 15 9 26 26 6 3 6 
19170
1 0 1 0 0 1 0 1 1 1 0 1 0 1 1 0 1 1 0 1 1 0 0 0 1 1 0 1 0 0 
21 12 14 3 21 6 3 25 15 18 10 17 9 21 20 15 15 18 6 12 3 1 6 18 6 9 20 25 6 25 6 26 14 26 21 21 25 25 1 15 1 15 25 9 25 15 8 14 28 9 6 15 15 6 14 21 18 28 12 15 1 6 21 12 12 12 25 1 10 10 21 21 12 18 25 9 25 21 15 25 21 8 14 18 18 18 18 8 21 6 3 25 18 12 18 25 3 3 26 17 9 18 18 26 3 26 18 12 15 9 15 15 3 12 12 28 25 25 25 25 6 9 26 14 17 1 6 25 1 26 1 12 25 6 9 15 18 6 21 18 1 9 21 15 9 26 26 6 3 6 
14698
1 0 1 0 0 1 0 1 1 1 0 1 0 1 1 0 0 1 0 0 1 0 0 0 1 1 0 1 0 1 
21 12 14 3 21 6 3 25 15 18 10 9 9 21 18 15 15 18 6 12 3 1 6 18 6 9 3 25 6 25 6 26 14 26 21 21 25 25 1 15 1 15 25 9 25 15 1 14 28 9 30 15 15 6 21 21 18 28 1 15 1 6 21 12 12 12 25 1 10 10 21 21 12 18 25 9 10 21 15 25 21 8 14 18 18 18 18 8 21 6 3 25 18 12 18 25 3 3 26 21 9 18 18 26 3 30 18 12 15 9 15 15 3 12 12 26 25 25 25 25 6 9 26 14 9 1 6 10 1 30 1 12 25 6 9 15 18 6 21 18 1 9 21 15 9 26 26 6 3 6 
12770
1 0 1 0 0 1 0 1 1 1 0 1 0 1 1 0 1 1 0 1 1 0 0 0 1 1 0 1 0 0 
21 12 21 3 21 6 3 10 15 18 10 17 9 21 20 15 15 18 6 12 3 1 6 18 6 9 20 25 6 25 6 26 14 26 21 21 25 25 1 15 1 15 25 9 25 15 8 14 28 9 6 15 15 6 14 21 18 12 1 15 1 6 21 12 12 12 25 1 6 25 21 21 12 18 25 9 10 21 15 25 21 8 21 18 18 18 18 8 21 6 3 25 18 12 18 25 3 3 26 17 9 18 18 26 3 26 18 12 15 9 15 15 3 12 12 28 25 25 25 25 6 9 26 14 17 1 6 25 1 26 1 12 25 6 9 15 8 6 21 18 1 9 21 15 9 26 26 6 3 6 
14968
1 0 1 0 0 1 1 1 1 0 0 1 0 1 1 0 0 1 0 0 1 0 0 0 1 1 0 1 0 0 
21 12 14 3 21 6 3 25 15 18 25 9 9 21 18 15 15 18 6 12 3 1 6 18 6 9 3 25 6 25 6 26 7 26 21 21 25 25 1 15 1 15 25 9 25 15 1 14 28 9 6 15 15 6 14 21 18 28 1 15 1 6 21 12 12 12 25 1 25 25 21 7 12 18 25 9 25 21 15 25 21 8 21 18 18 18 18 8 21 6 3 25 18 12 18 6 3 3 26 21 9 18 18 26 3 26 18 12 15 9 15 15 3 12 12 28 25 25 25 25 6 9 26 14 9 1 6 25 1 26 1 12 25 6 9 15 8 6 21 18 1 9 21 15 9 26 26 6 3 6 
18471
1 0 1 0 0 1 0 1 1 1 0 1 0 1 1 0 0 1 0 0 1 0 0 0 1 1 0 1 0 1 
21 12 14 3 21 6 3 25 15 18 10 9 9 21 18 15 15 18 6 12 3 1 6 18 6 9 3 25 6 25 6 26 14 26 21 21 25 25 1 15 1 15 25 9 25 15 8 14 28 9 30 15 15 6 14 21 18 28 12 15 1 6 21 12 12 12 25 1 6 25 21 21 12 18 25 9 25 21 15 25 21 8 21 18 18 18 18 8 21 6 3 25 18 12 18 10 3 3 26 21 9 18 18 26 3 30 18 12 15 9 15 15 3 12 12 26 25 25 25 25 6 9 26 14 9 1 6 25 1 30 1 12 25 6 9 15 8 6 21 18 1 9 21 15 9 26 26 6 3 6 
7105
1 1 1 1 1 1 1 1 1 1 
6 7 5 2 8 10 4 8 9 9 5 7 3 7 3 8 8 4 1 7 7 2 5 2 7 6 6 5 9 6 9 1 1 1 4 3 3 7 7 10 3 8 4 4 4 6 1 6 7 5 2 2 7 7 10 8 3 9 9 9 1 1 2 6 1 7 7 7 5 5 1 5 5 1 8 8 3 3 7 6 8 3 10 8 10 10 10 10 10 3 
8039
1 1 1 1 1 1 0 0 1 0 1 1 0 0 1 1 0 1 1 1 
3 11 12 6 16 19 2 4 18 2 12 19 20 11 20 16 1 3 15 15 6 12 6 9 9 9 12 3 18 5 2 20 20 9 15 11 11 1 1 2 2 4 4 9 12 15 9 20 16 16 2 18 2 5 3 6 3 15 15 15 12 12 5 4 12 4 1 16 20 16 11 19 20 20 20 19 19 20 20 20 
7601
1 1 0 0 0 0 0 0 0 0 0 1 1 0 0 0 0 0 0 1 0 0 1 1 1 1 1 1 1 1 
13 20 12 25 26 23 27 20 28 30 25 24 26 27 13 12 20 12 13 1 26 27 23 23 23 26 30 13 30 30 30 24 24 26 1 23 26 13 20 12 28 13 29 24 25 26 27 23 27 12 20 1 1 12 13 12 20 23 24 30 30 28 2 30 28 29 2 28 29 30 
7382
1 1 1 1 1 1 1 1 1 1 
5 5 5 5 5 5 5 5 7 7 1 1 1 1 1 1 8 9 2 2 2 2 7 3 3 3 3 3 3 3 3 4 4 4 4 4 4 4 4 4 5 1 2 2 9 9 8 6 4 10 8 7 6 6 9 9 8 8 10 6 6 6 10 4 1 7 7 3 2 1 5 10 6 8 8 9 7 7 6 9 8 10 10 10 10 10 7 6 8 6 
8813
1 1 1 1 0 1 1 1 1 0 0 1 1 1 0 1 1 1 1 0 
1 1 1 1 1 1 1 2 2 2 2 7 7 7 7 3 4 4 3 4 3 12 12 12 12 12 12 13 12 6 6 6 6 6 6 6 6 6 1 1 3 4 12 13 19 17 19 8 16 17 9 14 12 17 19 17 6 16 8 8 13 3 16 18 14 14 9 13 8 8 19 13 14 18 18 18 9 17 2 8 
7687
1 1 1 0 0 0 1 0 0 0 0 1 0 0 1 0 1 0 1 1 0 0 0 1 1 0 0 1 1 0 
1 1 1 1 1 1 1 2 2 2 2 12 12 12 12 3 3 3 3 3 3 7 7 7 7 7 7 17 17 17 17 17 17 17 1 3 3 25 25 29 29 20 20 24 25 15 19 28 17 29 17 28 28 24 25 15 17 19 19 25 20 20 29 19 15 28 15 28 20 19 
6994
1 1 1 1 1 1 1 1 1 1 
1 3 1 3 10 3 1 1 1 1 1 1 2 2 2 3 2 3 3 3 3 3 3 3 3 3 3 4 4 4 4 4 4 4 4 5 5 5 5 5 5 5 5 5 5 5 5 6 6 6 6 6 6 6 7 7 7 7 7 7 7 7 8 8 7 8 7 1 8 8 8 8 8 9 9 9 7 9 10 10 1 9 10 3 10 1 9 2 10 10 
7641
1 1 0 0 1 0 1 0 1 1 1 1 1 1 1 0 1 1 1 1 
1 2 1 1 1 1 2 2 2 1 1 1 2 5 2 5 5 5 5 5 5 5 5 5 7 7 7 7 7 7 7 9 9 9 9 9 9 9 10 10 10 10 11 12 12 11 12 11 13 14 13 14 14 13 14 15 15 13 15 13 1 15 15 15 15 17 17 18 18 18 18 18 18 19 19 20 19 20 20 20 
6538
0 0 1 0 1 0 1 0 0 0 0 1 0 1 0 1 0 1 0 0 1 1 0 0 1 0 1 0 0 1 
3 3 3 3 3 3 3 3 5 5 5 5 5 7 7 7 7 7 7 7 7 7 12 12 12 12 12 14 14 14 14 14 14 16 16 16 18 18 18 18 18 18 21 21 21 21 21 21 22 21 22 21 3 22 22 22 22 25 25 27 27 27 27 27 30 30 30 30 30 30 
10019
1 1 1 1 1 1 1 1 1 1 
4 7 4 1 3 2 6 6 4 8 8 5 7 10 10 10 10 3 6 4 7 1 1 5 1 1 9 5 5 8 8 8 4 4 4 6 2 2 7 7 1 2 10 2 6 6 6 6 6 4 4 6 7 1 1 1 10 7 3 3 2 8 8 8 4 4 7 5 9 8 4 1 7 1 1 5 5 4 4 5 4 6 3 10 3 3 7 8 3 8 10 10 2 3 2 2 10 10 10 10 
10007
1 0 0 1 0 1 1 1 1 0 1 0 1 1 1 1 1 0 1 1 
16 7 20 11 17 14 6 17 16 6 6 4 14 14 7 13 13 17 6 16 1 1 11 15 15 15 8 4 20 8 9 16 20 20 16 6 19 14 11 1 1 7 14 14 17 6 6 6 6 20 16 6 1 15 15 11 7 7 14 13 14 6 6 6 16 16 11 4 8 8 16 1 1 1 11 20 20 20 20 4 20 6 17 13 14 13 7 9 13 6 14 14 14 14 19 14 14 19 14 19 
9893
0 1 0 1 1 1 1 1 1 1 
8 8 8 8 8 8 8 8 4 5 5 5 4 5 5 5 5 6 4 9 9 4 4 9 9 6 6 10 10 10 10 10 10 2 7 7 7 7 7 7 7 7 7 7 8 8 5 6 9 6 6 4 5 7 8 6 4 4 4 5 7 10 6 9 4 9 10 7 5 8 10 7 5 4 4 6 4 5 8 2 7 4 9 6 6 4 4 8 6 4 6 10 10 2 6 2 4 5 4 8 
10754
0 1 1 1 0 1 1 1 0 1 0 0 1 1 0 1 0 1 1 1 
6 6 6 6 6 6 6 6 20 20 20 8 8 8 8 8 8 14 14 13 14 14 13 14 13 16 10 10 10 10 16 10 10 16 19 19 19 19 19 19 19 19 19 19 6 6 8 13 14 10 16 4 8 19 6 16 4 4 2 7 19 3 16 13 4 14 10 6 7 6 18 19 7 4 4 16 4 7 7 3 19 20 13 16 16 4 2 7 16 2 3 3 18 18 16 18 2 7 2 6 
10016
1 1 1 1 1 1 1 1 1 1 
10 10 8 8 8 8 8 3 3 3 3 3 3 3 3 3 3 3 3 2 2 2 2 4 2 2 4 4 4 4 4 4 4 4 4 4 4 4 4 7 7 7 9 9 9 9 9 9 9 9 9 4 7 7 7 7 7 7 7 7 7 6 6 7 6 6 6 7 7 5 1 1 1 6 8 1 1 1 1 1 1 1 1 5 5 5 5 5 5 5 5 5 5 10 5 10 5 10 10 10 
11141
1 0 0 0 1 1 1 1 1 1 0 1 1 1 1 1 1 1 1 1 
18 18 17 18 17 5 5 5 9 9 9 9 5 9 19 19 9 9 9 7 13 13 13 13 7 13 13 13 7 7 7 15 15 7 7 7 7 7 7 8 20 20 20 8 1 1 1 1 1 1 1 1 8 8 8 8 8 8 8 8 12 12 12 12 12 12 12 8 12 10 10 12 10 12 19 14 10 14 10 10 14 16 16 16 16 16 16 16 6 16 6 19 19 19 19 18 19 19 19 19 
23532
1 1 1 1 0 1 1 1 1 1 1 1 1 1 1 0 1 1 1 1 1 1 1 1 1 1 1 1 1 1 
19 20 22 28 3 13 22 28 23 29 30 29 14 2 29 19 2 21 23 1 19 17 6 25 11 19 28 20 30 3 20 20 27 17 28 7 21 9 25 17 19 10 7 27 9 20 14 22 20 15 25 17 25 17 9 7 12 10 19 8 30 1 8 9 14 12 6 15 29 26 19 13 20 10 24 24 21 24 9 17 11 1 10 26 30 14 7 6 28 8 29 7 26 26 3 4 12 7 1 29 29 22 26 19 30 1 30 25 23 4 20 30 28 13 13 9 29 8 18 9 27 12 18 20 27 17 3 12 27 18 29 25 26 21 24 10 4 4 29 11 13 23 12 12 26 6 25 22 28 26 25 18 24 1 9 12 3 17 4 14 14 28 11 25 6 28 6 30 4 22 2 21 20 15 27 3 1 11 30 11 6 22 3 20 13 9 29 24 1 22 3 22 7 30 8 13 8 22 11 20 
31928
1 1 1 1 1 1 1 1 1 1 1 1 0 1 0 1 1 1 1 1 1 1 1 1 1 1 1 1 1 1 
19 20 22 28 3 7 16 28 23 29 5 29 14 2 29 19 2 21 23 1 19 17 6 25 11 19 28 20 30 3 20 20 5 17 28 7 21 9 25 17 19 10 7 5 9 20 14 22 20 21 25 17 25 17 9 7 12 10 19 8 30 1 8 9 14 12 6 18 29 26 19 7 20 10 24 24 21 24 9 17 11 1 10 26 30 14 7 6 28 8 29 7 26 26 3 4 12 7 1 29 29 16 26 19 5 1 5 25 23 4 20 5 28 7 12 9 29 8 18 9 27 12 18 20 27 17 3 12 27 18 29 25 26 21 24 10 4 4 29 11 12 23 12 12 26 6 25 16 28 26 25 18 24 1 9 12 3 16 4 14 14 28 11 25 6 28 6 5 4 22 2 21 20 11 27 3 1 11 30 11 6 22 3 20 12 9 29 24 1 22 3 22 7 5 8 7 8 16 11 20 
51646
1 1 1 1 1 1 1 1 1 1 1 1 1 1 1 1 1 1 1 1 1 1 0 1 1 1 1 1 1 0 
19 20 22 28 3 13 16 28 19 29 5 29 14 2 29 19 2 21 28 1 19 17 6 25 11 19 28 20 5 3 20 20 5 17 28 7 21 9 25 17 19 10 7 5 9 20 14 22 20 15 25 17 25 17 9 7 12 10 19 8 5 1 8 9 14 12 6 15 29 26 19 13 20 10 24 24 21 24 9 17 11 1 10 26 5 14 7 6 28 8 29 7 26 26 3 4 12 7 1 29 29 16 26 19 5 1 5 25 28 4 20 5 28 13 13 9 29 8 18 9 27 12 18 20 27 17 3 12 27 18 29 25 26 21 24 10 4 4 29 11 13 28 12 12 26 6 25 16 28 26 25 18 24 1 9 12 3 16 4 14 14 28 11 25 6 28 6 5 4 22 2 21 20 15 27 3 1 11 5 11 6 22 3 20 13 9 29 24 1 22 3 22 7 5 8 13 8 16 11 20 
36497
1 0 1 1 1 1 1 1 1 1 1 1 1 1 1 0 1 1 1 1 1 1 0 1 1 1 1 1 1 1 
19 20 22 28 3 13 22 28 19 29 5 29 14 14 29 19 4 21 28 1 19 17 6 25 11 19 28 20 30 3 20 20 5 17 28 7 21 9 25 17 19 10 7 5 9 20 14 22 20 15 25 17 25 17 9 7 12 10 19 8 30 1 8 9 14 12 6 15 29 26 19 13 20 10 24 24 21 24 9 17 11 1 10 26 30 14 7 6 28 8 29 7 26 26 3 4 12 7 1 29 29 22 26 19 5 1 5 25 28 4 20 5 28 13 13 9 29 8 18 9 27 12 18 20 27 17 3 12 27 18 29 25 26 21 24 10 4 4 29 11 13 28 12 12 26 6 25 22 28 26 25 18 24 1 9 12 3 17 4 14 14 28 11 25 6 28 6 5 4 22 6 21 20 15 27 3 1 11 30 11 6 22 3 20 13 9 29 24 1 22 3 22 7 5 8 13 8 22 11 20 
23080
1 1 1 1 1 1 1 1 0 1 1 1 1 1 0 0 1 1 1 1 1 1 1 1 1 1 1 1 1 0 
19 20 22 28 3 13 22 28 23 29 5 29 14 2 29 19 2 21 23 1 19 17 6 25 11 19 28 20 5 3 20 20 5 17 28 7 21 10 25 17 19 10 7 5 21 20 14 22 20 21 25 17 25 17 21 7 12 10 19 26 5 1 8 21 14 12 6 18 29 26 19 13 20 10 24 24 21 24 21 17 11 1 10 26 5 14 7 6 28 8 29 7 26 26 3 4 12 7 1 29 29 22 26 19 5 1 5 25 23 4 20 5 28 13 13 21 29 8 18 21 27 12 18 20 27 17 3 12 27 18 29 25 26 21 24 10 4 4 29 11 13 23 12 12 26 6 25 22 28 26 25 18 24 1 21 12 3 17 4 14 14 28 11 25 6 28 6 5 4 22 2 21 20 11 27 3 1 11 5 11 6 22 3 20 13 10 29 24 1 22 3 22 7 5 8 13 8 22 11 20 
32354
1 1 1 1 1 1 1 1 1 1 1 1 1 1 1 0 1 1 1 1 1 1 1 1 1 1 1 1 1 1 
19 20 22 28 3 13 22 28 23 29 5 29 14 2 29 19 2 21 23 1 19 17 6 25 11 19 28 20 30 3 20 20 5 17 28 7 21 9 25 17 19 10 7 5 9 20 14 22 20 15 25 17 25 17 9 7 12 10 19 8 30 1 8 9 14 12 6 15 29 26 19 13 20 10 24 24 21 24 9 17 11 1 10 26 30 14 7 6 28 8 29 7 26 26 3 4 12 7 1 29 29 22 26 19 5 1 5 25 23 4 20 5 28 13 13 9 29 8 18 9 27 12 18 20 27 17 3 12 27 18 29 25 26 21 24 10 4 4 29 11 13 23 12 12 26 6 25 22 28 26 25 18 24 1 9 12 3 17 4 14 14 28 11 25 6 28 6 5 4 22 2 21 20 15 27 3 1 11 30 11 6 22 3 20 13 9 29 24 1 22 3 22 7 5 8 13 8 22 11 20 
53882
1 1 1 1 1 1 1 1 1 1 1 1 1 1 1 1 1 1 1 1 1 1 1 1 1 1 1 1 1 1 
19 20 22 28 3 13 16 28 23 29 5 29 14 2 29 19 2 21 23 1 19 17 6 25 11 19 28 20 30 3 20 20 5 17 28 7 21 9 25 17 19 10 7 5 9 20 14 22 20 15 25 17 25 17 9 7 12 10 19 26 30 1 8 9 14 12 6 15 29 26 19 13 20 10 24 24 21 24 9 17 11 1 10 26 30 14 7 6 28 8 29 7 26 26 3 4 12 7 1 29 29 16 26 19 5 1 5 25 23 4 20 5 28 13 13 9 29 8 18 9 27 12 18 20 27 17 3 12 27 18 29 25 26 21 24 10 4 4 29 11 13 23 12 12 26 6 25 16 28 26 25 18 24 1 9 12 3 16 4 14 14 28 11 25 6 28 6 5 4 22 2 21 20 15 27 3 1 11 30 11 6 22 3 20 13 9 29 24 1 22 3 22 7 5 8 13 8 16 11 20 
37927
1 0 1 1 0 1 1 1 1 1 1 1 1 1 1 1 1 1 1 1 1 1 1 1 1 1 1 1 1 1 
19 20 22 28 3 13 16 28 23 29 30 29 14 14 29 19 4 21 23 1 19 17 6 25 11 19 28 20 30 3 20 20 27 17 28 7 21 9 25 17 19 10 7 27 9 20 14 22 20 15 25 17 25 17 9 7 12 10 19 8 30 1 8 9 14 12 6 15 29 26 19 13 20 10 24 24 21 24 9 17 11 1 10 26 30 14 7 6 28 8 29 7 26 26 3 4 12 7 1 29 29 16 26 19 30 1 30 25 23 4 20 30 28 13 13 9 29 8 18 9 27 12 18 20 27 17 3 12 27 18 29 25 26 21 24 10 4 4 29 11 13 23 12 12 26 6 25 16 28 26 25 18 24 1 9 12 3 16 4 14 14 28 11 25 6 28 6 30 4 22 6 21 20 15 27 3 1 11 30 11 6 22 3 20 13 9 29 24 1 22 3 22 7 30 8 13 8 16 11 20 
23143
1 0 1 1 1 1 1 1 1 0 1 1 1 1 1 0 1 1 1 1 1 1 1 1 1 1 1 1 1 1 
19 20 22 28 3 13 22 28 23 29 5 29 14 14 29 19 4 21 23 1 19 17 6 25 11 19 28 20 30 3 20 20 5 17 28 7 21 9 25 17 19 9 7 5 9 20 14 22 20 15 25 17 25 17 9 7 12 9 19 26 30 1 8 9 14 12 6 15 29 26 19 13 20 9 24 24 21 24 9 17 11 1 27 26 30 14 7 6 28 8 29 7 26 26 3 4 12 7 1 29 29 22 26 19 5 1 5 25 23 4 20 5 28 13 13 9 29 8 18 9 27 12 18 20 27 17 3 12 27 18 29 25 26 21 24 9 4 4 29 11 13 23 12 12 26 6 25 22 28 26 25 18 24 1 9 12 3 17 4 14 14 28 11 25 6 28 6 5 4 22 6 21 20 15 27 3 1 11 30 11 6 22 3 20 13 9 29 24 1 22 3 22 7 5 8 13 8 22 11 20 
31531
1 1 1 1 1 0 1 1 1 1 1 1 1 1 1 1 1 1 1 1 1 1 0 1 1 1 0 1 1 1 
19 20 22 28 3 13 16 28 19 29 5 29 14 2 29 19 2 21 28 1 19 17 24 25 11 19 28 20 30 3 20 20 5 17 28 7 21 9 25 17 19 10 7 5 9 20 14 22 20 15 25 17 25 17 9 7 12 10 19 26 30 1 8 9 14 12 24 15 29 26 19 13 20 10 24 24 21 24 9 17 11 1 10 26 30 14 7 3 28 8 29 7 26 26 3 4 12 7 1 29 29 16 26 19 5 1 5 25 28 4 20 5 28 13 13 9 29 8 18 9 10 12 18 20 10 17 3 12 20 18 29 25 26 21 24 10 4 4 29 11 13 28 12 12 26 3 25 16 28 26 25 18 24 1 9 12 3 16 4 14 14 28 11 25 24 28 24 5 4 22 2 21 20 15 5 3 1 11 30 11 3 22 3 20 13 9 29 24 1 22 3 22 7 5 8 13 8 16 11 20 
50213
1 0 1 1 1 1 1 1 1 1 1 1 1 1 1 1 1 1 1 1 1 0 1 1 1 1 1 1 1 0 
19 20 3 28 3 13 16 28 23 29 5 29 14 14 29 19 4 21 23 1 19 17 6 25 11 19 28 20 5 3 20 20 5 17 28 7 21 9 25 17 19 10 7 5 9 20 14 3 20 15 25 17 25 17 9 7 12 10 19 8 5 1 8 9 14 12 6 15 29 26 19 13 20 10 24 24 21 24 9 17 11 1 10 26 5 14 7 6 28 8 29 7 26 26 3 4 12 7 1 29 29 16 26 19 5 1 5 25 23 4 20 5 28 13 13 9 29 8 18 9 27 12 18 20 27 17 3 12 27 18 29 25 26 21 24 10 4 4 29 11 13 23 12 12 26 6 25 16 28 26 25 18 24 1 9 12 3 16 4 14 14 28 11 25 6 28 6 5 4 16 6 21 20 15 27 3 1 11 5 11 6 16 3 20 13 9 29 24 1 25 3 3 7 5 8 13 8 16 11 20 
38317
1 0 1 1 1 1 1 1 1 1 1 1 1 1 1 1 1 1 1 1 1 1 1 1 1 1 1 1 1 0 
19 20 22 23 3 13 16 28 23 29 5 29 14 14 29 19 4 21 23 1 19 17 6 25 11 19 28 20 5 3 20 20 5 17 28 7 21 9 25 16 19 10 7 27 9 20 14 22 20 15 25 17 25 17 9 7 12 10 19 26 5 1 8 9 14 12 6 15 29 26 8 13 20 10 24 24 21 24 9 17 11 1 10 26 5 14 20 6 28 8 29 7 26 26 3 4 28 7 1 29 29 16 26 19 5 1 5 25 23 4 20 5 28 13 13 9 29 8 18 9 27 12 18 20 27 17 3 12 27 18 29 25 26 21 24 10 4 4 29 11 13 23 12 12 26 6 25 16 28 26 25 18 24 1 9 12 3 16 4 14 14 28 11 25 6 28 6 5 4 22 6 21 20 15 27 3 1 11 5 11 6 22 3 20 13 9 29 24 1 22 3 22 7 5 8 13 8 16 11 20 
23438
1 0 1 1 0 1 1 1 1 1 1 1 1 1 1 1 1 1 1 1 1 1 1 1 1 1 1 1 1 1 
19 20 22 28 3 13 16 28 23 29 30 29 14 14 29 19 4 21 23 1 19 17 6 25 11 19 28 20 30 3 20 20 27 17 28 7 21 9 25 17 19 10 7 27 9 20 14 22 20 15 25 17 25 17 9 7 12 10 19 8 30 1 8 9 14 12 6 15 29 26 19 13 20 10 24 24 21 24 9 17 11 1 10 26 30 14 7 6 28 8 29 7 26 26 3 4 12 7 1 29 29 16 26 19 30 1 30 25 23 4 20 30 28 13 13 9 29 8 18 9 27 12 18 20 27 17 3 12 27 18 29 25 26 21 24 10 4 4 29 11 13 23 12 12 26 6 25 16 28 26 25 18 24 1 9 12 3 16 4 14 14 28 11 25 6 28 6 30 4 22 6 21 20 15 27 3 1 11 30 11 6 22 3 20 13 9 29 24 1 22 3 22 7 30 8 13 8 16 11 20 
32012
1 1 1 0 1 1 1 0 1 1 1 1 1 1 1 1 1 1 1 1 1 1 1 1 1 1 1 1 1 1 
19 20 22 28 3 13 16 28 23 29 5 29 14 2 29 19 2 21 23 1 19 17 6 25 11 19 28 20 30 3 20 20 5 17 28 7 21 9 25 17 19 10 7 5 9 20 14 22 20 15 25 17 25 17 9 7 12 10 19 26 30 1 19 9 14 12 6 15 29 26 19 13 20 10 24 24 21 24 9 17 11 1 10 26 30 14 7 6 28 26 29 7 26 26 3 14 12 7 1 29 29 16 26 19 5 1 5 25 23 14 20 5 28 13 13 9 29 26 18 9 27 12 18 20 27 17 3 12 27 18 29 25 26 21 24 10 2 14 29 11 13 23 12 12 26 6 25 16 28 26 25 18 24 1 9 12 3 16 14 14 14 28 11 25 6 28 6 5 2 22 2 21 20 15 27 3 1 11 30 11 6 22 3 20 13 9 29 24 1 22 3 22 7 5 26 13 26 16 11 20 
52710
1 1 1 0 1 1 1 1 1 1 1 1 1 1 1 1 1 1 1 1 1 1 1 1 1 1 1 1 1 1 
19 20 22 28 3 13 16 28 23 29 5 29 14 2 29 19 2 21 23 1 19 17 6 25 11 19 28 20 30 3 20 20 5 17 28 7 21 9 25 17 19 10 7 5 9 20 14 22 20 15 25 17 25 17 9 7 12 10 19 26 30 1 8 9 14 12 6 15 29 26 19 13 20 10 24 24 21 24 9 17 11 1 10 26 30 14 7 6 28 8 29 7 26 26 3 14 12 7 1 29 29 16 26 19 5 1 5 25 23 14 20 5 28 13 13 9 29 8 18 9 27 12 18 20 27 17 3 12 27 18 29 25 26 21 24 10 2 14 29 11 13 23 12 12 26 6 25 16 28 26 25 18 24 1 9 12 3 16 14 14 14 28 11 25 6 28 6 5 2 22 2 21 20 15 27 3 1 11 30 11 6 22 3 20 13 9 29 24 1 22 3 22 7 5 8 13 8 16 11 20 
36842
1 0 1 0 1 1 1 1 1 1 1 1 1 1 1 1 1 1 1 1 1 1 1 1 1 1 1 1 1 0 
19 20 22 28 3 13 16 28 23 29 5 29 14 14 29 19 14 21 23 1 19 17 6 25 11 19 28 20 5 3 20 20 5 17 28 7 21 9 25 17 19 10 7 5 9 20 14 22 20 15 25 17 25 17 9 7 12 10 19 26 5 1 8 9 14 12 6 15 29 26 19 13 20 10 24 24 21 24 9 17 11 1 10 26 5 14 7 6 28 8 29 7 26 26 3 14 12 7 1 29 29 16 26 19 5 1 5 25 23 14 20 5 28 13 13 9 29 8 18 9 27 12 18 20 27 17 3 12 27 18 29 25 26 21 24 10 14 14 29 11 13 23 12 12 26 6 25 16 28 26 25 18 24 1 9 12 3 16 14 14 14 28 11 25 6 28 6 5 14 22 6 21 20 15 27 3 1 11 5 11 6 22 3 20 13 9 29 24 1 22 3 22 7 5 8 13 8 16 11 20 
