9276
1 0 1 1 1 1 0 0 1 1 
1 3 6 6 4 9 3 5 5 6 10 9 1 3 9 4 5 1 10 5 4 9 10 5 3 6 6 6 1 6 3 6 1 4 10 5 5 4 1 5 6 9 4 6 5 1 3 1 5 4 
7974
1 1 1 1 1 1 1 1 1 0 
1 3 2 7 4 9 3 5 5 2 5 9 4 3 9 4 5 1 7 8 4 9 7 5 3 6 2 6 1 6 3 7 1 4 5 5 5 4 1 5 2 9 2 6 8 1 5 4 5 1 
9768
1 1 1 1 1 1 1 0 1 1 
1 3 2 7 4 9 3 5 5 2 10 9 4 3 9 4 5 1 10 5 4 9 7 5 3 6 2 6 1 6 3 7 1 4 10 5 5 4 1 5 2 9 2 6 5 1 5 4 5 1 
11121
1 1 1 1 1 1 1 0 1 0 
9 3 2 7 4 9 3 5 5 2 5 1 4 3 9 4 3 1 7 5 4 5 7 5 3 6 2 6 1 6 3 7 1 4 5 5 5 4 1 5 2 9 2 6 5 1 3 1 5 1 
9175
1 1 1 1 1 1 1 1 1 1 
9 9 2 7 2 9 3 5 5 2 10 9 1 3 9 4 5 1 10 8 4 9 7 5 3 6 2 6 1 6 3 7 1 4 10 5 5 4 1 5 2 9 2 6 8 1 3 1 8 4 
7898
1 1 1 1 1 1 1 1 1 1 
9 9 2 7 4 9 3 5 5 2 10 9 4 3 9 4 5 1 10 8 4 5 7 5 3 6 2 6 9 6 3 7 1 4 10 5 8 4 1 5 2 9 2 6 8 1 3 1 5 1 
9837
1 1 1 1 1 1 1 0 1 1 
9 9 2 7 4 9 3 5 5 2 10 9 4 3 9 4 3 1 10 10 2 9 7 5 3 6 2 6 1 6 3 7 1 4 10 5 5 4 1 5 2 9 2 6 5 1 10 1 5 4 
11531
1 1 1 1 1 1 1 1 1 0 
9 9 2 7 4 9 3 5 5 2 5 9 4 3 9 4 5 1 7 8 4 8 7 5 3 6 2 6 9 6 3 7 1 4 5 5 8 4 1 5 2 9 2 6 8 1 3 1 8 1 
8742
1 1 1 1 1 1 0 0 1 1 
9 9 2 6 4 9 3 5 5 2 10 9 4 3 9 4 5 1 10 5 4 9 10 5 3 6 2 6 1 6 3 6 1 4 10 5 5 4 1 5 2 9 2 6 5 1 3 1 5 1 
7837
1 1 1 0 1 1 1 1 1 1 
9 9 2 7 2 9 3 5 5 2 10 9 1 3 9 1 5 1 10 8 2 9 7 5 3 6 2 6 1 6 3 7 1 3 10 5 5 1 1 5 2 9 2 6 8 1 5 1 5 1 
9504
1 1 1 1 1 1 1 0 1 1 
9 9 2 7 4 9 3 5 5 2 10 9 4 3 9 4 5 1 10 5 4 9 7 5 3 6 2 6 1 6 3 7 1 4 10 5 5 4 1 5 2 9 2 6 5 1 3 1 5 1 
10817
1 1 1 1 1 0 1 1 1 0 
9 9 2 7 4 9 3 5 5 2 5 9 4 3 9 4 5 1 7 8 4 9 7 5 3 7 2 2 1 2 3 7 1 4 5 5 5 4 1 5 2 9 2 7 8 1 5 1 5 1 
9341
1 1 0 1 1 0 1 0 0 0 1 0 1 1 0 1 1 1 0 0 
17 13 11 11 2 13 18 14 13 18 16 5 2 7 14 4 16 11 5 7 13 16 16 2 7 18 17 18 2 18 14 16 14 17 4 11 4 2 2 14 7 1 1 1 4 14 13 11 5 7 
7898
1 0 1 1 1 0 1 0 0 0 1 0 0 0 1 1 1 1 0 1 
17 4 11 11 20 16 18 3 15 18 16 5 20 7 3 4 16 11 5 7 15 16 16 20 7 5 17 4 4 18 3 16 3 17 4 11 4 20 20 3 7 1 1 1 4 16 15 11 20 7 
9740
0 1 1 1 0 0 0 0 0 1 1 0 0 0 1 1 1 1 1 0 
17 4 11 11 2 19 18 19 15 18 16 2 2 11 3 4 16 11 18 10 15 16 16 3 10 18 17 18 2 18 3 16 3 17 4 11 4 2 2 3 10 17 16 17 4 19 15 11 3 10 
11961
1 1 1 1 0 0 1 0 0 0 1 0 1 0 0 1 0 1 1 0 
1 13 11 11 2 19 18 19 13 18 16 2 2 7 3 4 16 11 18 7 13 16 16 3 7 18 1 18 2 18 3 16 3 16 4 11 4 2 2 3 7 1 1 1 4 19 13 11 3 7 
8588
1 1 1 0 0 0 0 0 0 1 1 0 1 0 0 1 0 1 0 0 
1 13 11 11 2 13 18 13 13 18 16 2 2 11 3 13 16 11 18 10 13 16 16 3 10 2 1 18 2 18 3 16 3 1 2 11 18 2 2 3 10 1 16 1 10 16 13 11 3 10 
7473
1 1 0 0 0 0 0 0 0 1 1 0 1 1 0 1 1 1 0 1 
17 13 11 11 2 13 18 14 13 18 16 20 2 11 14 13 16 11 18 10 13 16 16 20 10 2 17 18 2 18 14 16 14 17 2 11 18 20 20 14 10 1 1 1 10 14 13 11 20 10 
9667
0 0 0 1 0 1 1 0 0 0 1 0 0 1 1 1 0 1 0 1 
11 4 11 11 20 16 18 14 15 18 16 20 20 7 14 4 16 11 18 7 15 16 16 20 7 18 6 18 4 18 14 16 14 6 4 11 4 20 20 14 7 6 6 16 4 6 15 11 20 7 
11994
1 0 0 1 0 0 0 1 0 0 1 0 1 0 0 1 0 1 1 1 
1 13 8 11 20 19 18 19 13 18 16 20 20 11 19 4 16 11 18 11 13 16 16 20 11 18 8 18 13 18 19 8 19 1 4 11 4 20 20 19 13 1 1 1 4 16 13 11 20 4 
8144
1 1 0 0 0 0 0 0 0 1 1 0 0 1 1 1 0 1 0 1 
1 2 11 11 2 16 18 14 15 18 16 20 2 11 14 15 16 11 18 10 15 16 16 20 10 18 1 18 2 18 14 16 14 1 2 11 18 20 20 14 11 1 1 1 10 14 15 11 20 10 
7297
1 1 0 0 0 0 1 0 0 0 1 1 0 1 1 1 0 1 0 1 
1 2 11 11 2 16 18 14 15 18 16 20 2 7 14 12 16 11 18 7 15 16 16 20 7 18 1 18 2 18 14 16 14 1 2 11 12 20 20 14 7 1 1 1 12 14 15 11 20 7 
9348
1 1 1 0 0 0 0 0 0 1 1 0 1 0 0 1 0 1 0 1 
1 13 11 11 2 13 18 3 13 18 16 20 2 11 3 13 16 11 18 10 13 16 16 20 10 18 1 18 2 18 3 16 3 1 2 11 18 20 20 3 11 1 1 1 10 16 13 11 20 10 
11656
0 1 0 0 0 1 0 1 1 0 1 0 0 0 0 0 1 1 1 1 
17 2 11 11 2 19 18 19 8 18 8 20 2 11 19 9 6 11 18 9 19 6 8 20 11 18 17 18 2 18 19 8 19 17 2 11 9 20 20 19 11 17 6 17 9 6 8 11 20 9 
13637
1 0 1 0 0 1 0 0 1 0 0 1 0 1 1 0 1 1 0 1 1 0 0 0 1 1 0 0 0 0 
21 12 14 3 21 6 3 25 15 18 25 17 9 21 20 15 15 18 6 12 3 1 6 20 6 9 20 25 6 25 6 26 21 26 21 21 25 25 1 15 1 15 25 9 25 15 1 14 12 9 6 15 15 6 21 21 18 12 12 15 1 6 21 12 12 12 25 1 6 25 21 21 12 18 25 9 25 21 15 25 21 1 21 18 20 18 3 1 21 6 3 25 1 12 18 25 3 20 26 17 9 18 18 26 3 26 1 12 15 9 15 15 3 12 12 26 25 25 25 25 6 9 26 14 17 1 6 25 1 26 1 12 25 6 9 15 1 6 21 18 1 9 21 15 9 26 26 6 3 6 
11626
1 0 1 0 0 1 0 0 1 0 0 1 0 1 1 0 0 1 0 1 1 0 0 0 1 1 0 0 0 0 
21 12 21 3 21 6 3 25 15 18 25 9 9 21 20 15 15 18 6 12 3 1 6 20 6 9 20 25 6 25 6 26 14 26 21 21 25 25 1 15 1 15 25 9 25 15 1 14 12 9 6 15 15 6 21 21 18 12 12 15 1 6 21 12 12 12 25 1 6 25 21 21 12 18 25 9 25 21 15 25 21 1 14 18 20 18 3 1 21 6 3 25 18 12 18 25 3 20 26 21 9 18 15 26 3 26 1 12 15 9 15 15 3 12 12 26 25 25 25 25 6 9 26 14 9 1 6 25 1 26 1 12 25 6 9 15 1 6 21 18 1 9 21 15 9 26 26 6 3 6 
14772
1 0 1 0 0 1 0 1 1 1 0 1 0 1 1 0 0 1 0 0 1 0 0 0 1 1 0 0 0 0 
21 12 21 3 21 6 3 25 15 18 10 3 9 21 18 15 15 18 6 12 3 1 6 18 6 9 3 25 6 25 8 26 21 26 21 21 25 25 1 15 1 15 10 9 25 15 8 14 26 9 6 15 15 6 21 21 18 12 1 15 1 6 21 12 12 12 25 1 10 10 21 21 12 18 25 9 10 21 15 25 21 8 21 1 3 18 18 8 21 6 3 25 8 12 8 10 15 15 26 21 9 1 18 26 3 26 8 12 15 9 15 15 3 12 12 26 25 25 25 25 6 9 26 14 14 1 6 25 8 26 1 12 25 6 9 15 8 6 21 18 1 9 21 15 9 26 26 6 3 6 
17138
1 0 1 0 0 1 0 1 1 0 0 1 0 1 1 0 1 1 0 0 1 0 0 0 1 1 0 0 0 0 
21 12 14 15 21 6 3 25 15 18 25 17 9 21 18 15 15 18 6 12 3 1 6 18 6 9 3 25 6 25 6 26 14 26 21 21 25 25 1 15 1 15 25 9 25 15 8 14 12 9 6 15 15 6 14 21 18 12 1 15 1 6 21 12 12 12 25 1 25 25 21 21 12 1 25 9 25 21 15 25 21 8 14 18 3 18 18 8 21 6 3 25 18 12 8 6 3 15 26 17 9 18 15 26 3 26 8 12 15 9 15 15 3 12 12 26 25 25 25 25 6 9 26 14 17 1 6 25 1 26 1 12 25 6 9 15 8 6 21 18 1 9 21 15 9 26 26 6 3 6 
14520
1 0 1 0 0 1 0 1 1 0 0 1 0 1 1 0 0 1 0 0 1 0 0 0 1 0 0 1 1 1 
21 12 14 3 21 6 3 25 15 18 6 9 9 21 18 15 15 18 30 12 3 1 6 18 30 9 3 25 6 25 30 12 14 12 21 21 25 25 1 15 1 15 25 29 25 15 8 14 28 9 30 29 15 6 14 21 18 12 12 15 1 25 21 28 12 12 6 1 30 30 21 21 12 18 25 9 25 21 15 6 21 8 14 18 3 18 18 8 21 30 3 25 18 12 18 25 3 3 30 14 9 18 18 12 3 30 18 12 15 29 15 15 3 12 12 28 25 25 25 6 6 9 12 14 9 1 6 30 1 30 1 12 6 30 9 15 8 30 21 18 1 9 21 15 9 28 12 6 3 6 
12502
1 0 1 0 0 1 0 1 1 1 0 1 0 1 1 0 0 1 0 1 1 0 1 0 1 1 0 0 0 0 
21 12 14 3 21 6 3 10 15 18 23 9 9 21 20 15 15 18 6 12 3 1 6 18 10 9 20 25 6 23 6 26 14 26 21 21 25 25 1 15 1 15 25 9 25 15 8 14 12 9 26 3 15 6 14 21 18 12 12 15 1 6 21 12 12 12 10 1 23 10 21 21 12 18 25 9 10 21 15 25 21 8 14 18 20 18 18 8 21 6 3 25 18 12 18 6 3 3 26 14 9 18 18 26 3 26 18 12 15 9 15 15 3 12 12 26 25 25 6 25 6 9 26 14 9 1 6 25 1 26 1 12 25 26 9 15 8 6 21 18 1 9 21 15 9 26 26 6 3 6 
14988
1 0 1 0 0 1 0 0 1 0 0 1 0 1 1 1 0 1 0 1 1 0 0 0 1 1 0 0 0 1 
21 12 14 3 21 6 3 25 15 18 6 9 9 21 20 15 15 18 6 12 3 1 6 18 6 9 20 25 25 16 6 26 14 26 21 21 25 16 1 15 1 15 16 9 25 15 1 14 12 9 30 15 15 6 14 21 18 12 12 15 1 6 21 12 12 12 25 1 25 6 21 21 12 18 25 9 25 21 15 25 21 1 14 18 20 18 18 1 21 30 3 25 18 12 18 6 3 3 26 14 9 18 18 26 3 30 18 12 9 9 15 15 3 12 12 26 25 16 25 25 6 9 26 14 9 1 6 16 1 30 1 12 25 30 9 15 18 6 21 18 1 9 21 15 9 26 26 6 3 6 
17339
1 0 1 0 0 1 0 1 1 1 0 1 0 0 1 0 0 1 0 0 1 0 0 0 1 1 0 0 1 0 
21 12 29 3 21 6 3 10 15 18 25 9 9 21 18 15 15 18 6 12 3 1 6 18 6 9 3 25 25 10 6 26 9 26 21 21 25 25 1 15 1 9 25 9 25 15 8 21 12 9 26 15 15 6 21 21 18 12 12 15 1 6 21 12 12 12 10 1 10 10 9 29 12 18 25 9 10 21 15 10 21 8 9 18 3 18 18 8 21 6 3 25 18 12 18 10 3 3 26 9 9 18 18 26 3 26 18 12 15 29 15 15 3 12 12 26 25 25 25 25 6 29 26 9 21 1 6 10 1 26 1 12 25 6 29 15 8 6 21 18 1 9 21 15 9 26 26 6 3 6 
13366
1 0 1 0 0 1 0 0 1 1 0 1 0 1 1 0 0 1 0 0 1 0 0 0 1 1 0 0 0 0 
21 12 14 3 21 6 3 10 15 18 25 9 9 21 18 15 15 18 6 12 3 1 6 18 6 9 3 25 6 25 6 26 14 26 21 21 25 25 1 15 1 15 25 9 25 15 1 14 12 9 6 15 15 6 21 21 18 12 12 15 1 6 21 12 12 12 10 1 25 25 21 21 12 18 25 9 25 21 15 25 21 1 21 18 18 18 18 1 21 6 3 25 18 12 18 10 3 3 26 14 9 18 18 26 3 26 18 12 15 9 15 15 3 12 12 26 25 25 25 25 6 9 26 14 9 1 6 25 1 26 1 12 25 6 9 15 18 6 21 18 1 9 21 15 9 26 26 6 3 6 
11402
1 0 1 0 0 1 0 1 1 0 0 1 0 0 1 0 0 1 0 0 1 0 0 0 1 1 0 0 0 0 
21 12 21 3 21 6 3 25 15 18 25 9 9 21 18 15 15 18 6 12 3 1 6 18 6 9 3 25 6 6 6 26 21 26 21 21 25 25 1 15 1 15 25 9 25 15 1 21 12 9 6 15 15 6 21 21 18 12 12 15 1 6 21 12 12 12 25 1 6 6 21 9 12 18 25 9 25 21 15 25 21 8 21 18 18 18 18 8 21 6 3 25 18 12 18 25 3 3 26 9 9 18 18 26 3 26 18 12 15 9 15 15 3 12 12 26 25 25 25 25 6 9 26 9 9 1 6 25 1 26 1 12 25 6 9 15 8 6 21 18 1 9 21 15 9 26 26 6 3 6 
13536
1 0 1 0 0 1 0 0 1 1 0 1 0 0 1 0 0 1 0 0 1 0 0 0 1 1 0 0 0 0 
21 12 21 3 21 6 3 25 15 18 25 9 9 21 18 15 15 18 6 12 3 1 6 18 6 9 3 25 6 25 6 26 9 26 21 21 25 25 1 15 1 15 25 9 25 15 1 21 12 9 6 15 15 6 21 21 18 12 12 15 1 6 21 12 12 12 10 1 10 10 21 9 12 18 25 9 25 21 15 25 21 1 21 18 18 18 18 1 21 6 3 25 18 12 18 10 3 3 26 21 9 18 18 26 3 26 18 12 15 9 15 15 3 12 12 26 25 25 25 25 6 9 26 21 9 1 6 10 1 26 1 12 25 6 9 15 18 6 21 18 1 9 21 15 9 26 26 6 3 6 
17047
1 0 1 0 0 1 0 0 1 1 0 1 0 1 1 0 0 1 0 0 0 0 0 0 1 1 0 0 0 0 
14 12 14 3 14 6 3 10 15 18 25 9 9 9 18 15 15 18 6 12 3 1 6 18 6 9 3 25 6 25 6 26 14 26 9 9 25 25 1 15 1 15 25 9 25 15 1 14 12 9 6 15 15 6 14 14 18 12 12 15 1 6 9 12 12 12 10 1 10 25 14 14 12 18 25 9 10 9 15 25 14 1 14 18 18 18 18 1 9 6 3 25 18 12 18 10 3 3 26 14 9 18 18 26 3 26 18 12 15 9 15 15 3 12 12 26 25 25 25 25 6 9 26 14 9 1 6 25 1 26 1 12 25 6 9 15 18 6 14 18 1 9 14 15 9 26 26 6 3 6 
13366
1 0 1 0 0 1 0 0 1 1 0 1 0 1 1 0 0 1 0 0 1 0 0 0 1 1 0 0 0 0 
21 12 14 3 21 6 3 25 15 18 25 9 9 21 18 15 15 18 6 12 3 1 6 18 6 9 3 25 6 25 6 26 14 26 21 21 25 25 1 15 1 15 25 9 25 15 1 14 12 9 6 15 15 6 21 21 18 12 12 15 1 6 21 12 12 12 10 1 25 25 21 21 12 18 25 9 10 21 15 25 21 1 14 18 18 18 18 1 21 6 3 25 18 12 18 6 3 3 26 14 9 18 18 26 3 26 18 12 15 9 15 15 3 12 12 26 25 25 25 25 6 9 26 14 9 1 6 10 1 26 1 12 25 6 9 15 18 6 21 18 1 9 21 15 9 26 26 6 3 6 
11280
1 0 1 0 0 1 0 1 1 0 0 1 0 0 1 0 0 1 0 0 1 0 0 0 1 1 0 0 0 0 
21 12 21 3 21 6 3 25 15 18 25 9 9 21 18 15 15 18 6 12 3 1 6 18 6 9 3 25 6 25 6 26 21 26 21 21 25 25 1 15 1 15 25 9 25 15 8 21 12 9 6 15 15 6 21 21 18 12 1 15 1 6 21 12 12 12 25 1 6 25 21 21 12 18 25 9 25 21 15 25 21 8 21 18 18 18 18 8 21 6 3 25 18 12 18 25 3 3 26 21 9 18 18 26 3 26 18 12 15 9 15 15 3 12 12 26 25 25 25 25 6 9 26 21 9 1 6 25 1 26 1 12 25 6 9 15 8 6 21 18 1 9 21 15 9 26 26 6 3 6 
14478
1 0 1 0 0 1 0 1 1 1 0 1 0 1 1 0 0 1 0 0 1 0 0 0 1 1 0 0 0 0 
21 12 14 3 21 6 3 10 15 18 25 9 9 21 18 15 15 18 6 12 3 1 6 18 6 9 3 25 6 25 6 26 21 26 21 21 25 25 1 15 1 15 25 9 25 15 1 14 12 9 6 15 15 6 21 21 18 12 12 15 1 6 21 12 12 12 25 1 10 25 21 21 12 18 25 9 25 21 15 25 21 8 14 18 18 18 18 8 21 6 3 25 18 12 18 25 3 3 26 21 9 18 18 26 3 26 18 12 15 9 15 15 3 12 12 26 25 25 25 25 6 9 26 14 9 1 6 10 1 26 1 12 25 6 9 15 8 6 21 18 1 9 21 15 9 26 26 6 3 6 
16476
1 0 1 0 0 1 0 1 1 0 0 1 0 0 1 0 1 1 0 0 1 0 0 0 1 1 0 0 0 0 
21 12 21 3 21 6 3 25 15 18 1 17 9 21 18 15 15 18 6 12 3 1 6 18 6 9 3 25 6 25 6 26 21 26 21 21 25 25 1 15 1 15 25 9 25 15 8 21 12 9 6 15 15 6 21 21 18 12 12 15 1 6 21 12 12 12 25 1 6 25 21 21 12 18 25 9 1 21 15 25 21 8 21 18 18 18 18 8 21 6 3 25 18 12 18 6 3 1 26 17 9 18 18 26 3 26 18 12 15 9 15 15 3 12 12 12 25 25 25 25 6 9 26 21 17 1 6 25 1 26 1 12 25 6 9 15 8 6 21 18 1 9 21 15 9 26 26 6 3 6 
7128
1 1 1 1 1 1 1 1 1 1 
6 7 5 2 8 10 4 8 9 9 5 10 3 7 3 8 8 4 1 7 7 2 5 2 7 6 6 5 9 6 9 1 1 1 4 10 3 7 7 10 3 8 4 4 4 6 1 6 7 5 2 2 7 7 10 8 3 9 9 9 1 1 2 6 1 7 7 7 5 5 1 5 5 1 8 8 3 3 7 6 8 3 10 8 8 8 10 10 10 3 
8119
1 1 1 1 0 1 1 0 0 1 1 1 1 0 0 1 1 0 1 1 
13 11 12 10 16 19 17 4 17 2 12 19 7 11 7 16 1 3 11 11 6 12 10 12 13 13 12 17 3 4 2 20 7 19 11 11 11 1 1 2 2 4 4 17 10 6 19 20 16 16 17 2 2 4 3 6 3 6 11 6 12 12 4 4 12 4 1 16 20 7 11 19 20 20 20 19 19 20 20 20 
7072
0 0 1 0 0 0 0 0 0 0 0 0 0 0 0 1 0 0 1 1 1 1 1 1 0 1 0 0 1 1 
19 20 16 29 26 23 26 22 29 30 24 24 26 23 19 19 22 16 22 20 26 26 23 21 21 3 30 19 30 30 30 3 3 3 20 23 26 19 22 19 19 19 30 24 30 26 26 23 23 16 22 26 26 19 19 19 20 21 3 30 30 30 29 30 29 29 30 29 29 30 
7249
1 1 1 1 1 1 1 1 1 1 
5 5 5 5 5 5 5 5 1 7 1 1 7 1 1 1 8 2 2 2 7 2 2 3 3 3 3 3 3 3 3 4 4 4 4 4 4 4 4 4 5 1 2 2 3 9 8 6 4 10 8 7 6 6 9 9 8 8 10 6 6 6 10 4 1 7 7 9 2 1 5 8 10 8 8 9 7 7 6 9 8 10 10 10 10 10 7 6 8 6 
8607
1 1 1 1 1 0 1 1 0 0 0 1 0 1 1 0 1 1 0 1 
1 1 1 1 1 1 1 2 2 2 2 7 7 7 7 3 4 4 3 4 3 5 5 5 5 5 5 5 5 15 15 15 15 17 17 17 17 17 1 1 3 4 12 4 14 17 20 8 20 17 14 14 12 17 14 20 15 7 8 8 4 3 1 18 14 14 12 12 8 8 20 3 14 18 15 18 18 17 2 8 
6933
1 1 0 1 0 0 1 0 1 0 0 0 0 1 1 0 1 1 0 1 0 0 1 0 0 0 0 0 1 0 
1 1 1 1 1 1 1 2 2 2 2 2 23 2 23 4 4 4 4 4 4 7 7 7 7 7 7 9 9 9 9 14 9 17 1 4 4 18 4 29 29 20 20 23 18 15 15 18 17 29 17 14 14 23 4 15 14 29 15 15 20 20 29 29 15 14 15 14 20 20 
6324
1 1 1 1 1 1 1 1 1 1 
1 1 1 1 3 1 3 1 1 3 2 2 2 3 2 2 2 3 3 3 3 3 3 3 3 3 3 4 4 4 4 4 4 4 4 5 5 5 5 5 5 5 5 5 5 5 5 6 6 6 6 6 6 6 7 7 7 7 7 7 7 7 8 8 7 8 7 1 8 8 8 8 8 8 9 9 9 9 7 9 9 9 10 10 10 1 1 10 10 10 
7287
1 1 1 0 1 1 0 1 1 1 0 1 1 1 1 1 1 0 0 1 
1 1 1 1 2 1 2 2 2 3 3 3 3 3 3 5 5 5 6 6 6 6 6 6 8 8 8 8 8 8 8 9 9 9 9 9 9 9 10 10 10 10 12 12 12 12 12 12 13 14 13 14 14 13 14 15 16 13 15 13 1 16 15 15 16 17 17 17 17 17 17 17 17 20 20 20 20 20 20 20 
6106
0 1 1 0 1 0 1 1 0 1 0 0 0 0 1 0 0 1 0 0 1 1 0 0 0 0 1 0 0 0 
2 2 2 3 2 3 3 3 5 5 5 5 5 7 7 7 8 8 8 8 8 8 10 10 10 10 10 15 15 15 15 15 15 15 15 15 18 18 18 18 18 18 21 21 21 21 21 21 22 21 22 21 2 22 22 22 22 27 27 27 27 27 27 27 27 27 27 27 27 2 
9294
1 1 1 1 1 1 1 1 0 1 
4 7 4 1 3 2 6 6 4 8 8 5 7 2 10 10 10 3 6 4 7 1 1 5 1 5 8 5 5 8 8 8 4 4 4 6 10 10 1 7 1 10 10 10 6 6 6 6 6 4 4 6 7 1 1 1 10 7 3 3 10 8 8 8 4 4 1 5 8 8 4 7 7 1 1 5 5 4 4 5 4 6 3 3 3 3 2 8 3 8 10 2 3 3 2 2 2 2 2 10 
8845
1 1 0 0 0 1 1 0 0 0 1 0 1 1 1 1 1 0 1 1 
16 7 20 11 13 14 6 17 16 2 6 15 7 14 7 14 13 17 6 16 1 1 11 15 15 15 2 20 20 16 2 2 20 20 16 6 14 14 11 1 1 14 14 14 17 6 6 6 6 16 16 6 1 15 15 11 7 7 19 13 14 6 2 6 16 16 11 20 2 2 16 1 1 1 11 20 20 20 20 20 20 6 17 13 14 14 7 6 13 2 14 14 14 19 19 19 14 19 14 14 
9461
0 1 0 1 1 1 1 1 1 1 
8 8 8 8 8 8 8 8 4 5 5 5 4 5 5 5 5 9 4 9 9 4 9 9 4 10 10 10 10 10 6 10 10 6 7 7 7 7 7 7 7 7 7 7 8 8 5 9 9 6 6 4 5 7 8 6 4 4 4 5 7 10 6 6 4 6 10 7 5 8 7 7 5 4 4 6 4 5 8 2 7 4 9 6 6 4 4 8 6 4 6 2 10 2 6 2 4 5 4 8 
9636
0 0 1 1 0 1 0 1 0 1 0 0 1 1 0 1 0 0 1 1 
6 6 6 6 6 6 6 6 20 20 20 8 8 8 8 8 8 13 14 13 13 14 13 14 13 16 10 10 10 10 10 10 10 16 19 19 19 19 19 19 19 19 19 19 6 6 8 13 14 16 16 4 8 19 8 16 4 4 4 8 19 3 16 14 4 14 10 19 8 6 10 19 8 4 4 16 4 8 6 3 19 20 14 16 16 4 4 8 16 4 16 3 10 3 3 19 4 8 4 6 
9284
1 0 1 1 1 1 1 1 1 1 
8 8 8 8 8 8 8 3 3 3 3 3 3 3 3 3 3 3 3 4 4 4 3 4 4 4 4 4 4 4 4 4 4 4 4 4 4 4 4 7 7 9 9 7 9 9 9 9 9 9 7 4 7 7 7 7 7 7 7 7 7 6 6 7 6 6 6 7 7 1 1 7 1 6 8 1 1 1 1 1 1 1 1 5 5 5 5 5 5 5 5 10 5 10 10 10 5 10 10 10 
9877
0 0 1 0 1 1 1 0 1 1 1 1 1 1 1 0 0 0 1 0 
7 19 5 19 5 5 5 5 9 9 9 9 3 9 3 9 3 3 9 13 13 13 13 7 7 13 13 13 7 7 7 15 15 7 7 7 7 7 7 11 11 11 11 11 11 15 11 11 15 7 7 7 11 11 11 11 11 11 11 11 12 12 10 12 12 12 12 11 12 10 14 12 10 12 19 14 10 14 10 10 14 14 14 14 6 14 6 6 6 6 6 19 19 19 19 19 19 19 19 19 
23454
1 1 0 0 0 1 1 1 1 1 1 1 1 1 1 1 1 1 1 1 1 1 1 1 1 1 1 1 1 1 
19 20 22 28 22 13 16 28 23 29 30 29 14 2 29 19 2 21 23 1 19 17 6 25 11 19 28 20 30 22 20 20 27 17 28 7 21 9 25 17 19 10 7 27 9 20 14 22 20 15 25 17 25 17 9 7 12 10 19 26 30 1 8 9 14 12 6 15 29 26 19 13 20 10 24 24 21 24 9 17 11 1 10 26 30 14 7 6 28 8 29 7 26 26 1 14 12 7 1 29 29 16 26 19 30 1 30 25 23 14 20 30 28 13 13 9 29 8 18 9 27 12 18 20 27 17 22 12 27 18 29 25 26 21 24 10 2 14 29 11 13 23 12 12 26 6 25 16 28 26 25 18 24 1 9 12 6 16 14 14 14 28 11 25 6 28 6 30 2 22 2 21 20 15 27 22 1 11 30 11 6 22 22 20 13 9 29 24 1 22 22 22 7 30 8 13 8 16 11 20 
31186
1 1 1 1 1 1 1 1 1 1 1 1 1 1 0 1 1 1 1 1 1 1 1 0 1 1 0 1 1 1 
19 20 22 28 3 13 16 28 23 29 5 29 14 2 29 19 2 21 23 1 19 17 6 25 11 19 28 20 30 3 20 20 5 17 28 7 21 9 25 17 19 10 7 5 9 20 14 22 20 21 25 17 25 17 9 7 12 10 19 8 30 1 8 9 14 12 6 18 29 26 19 13 20 10 6 14 21 6 9 17 11 1 10 26 30 14 7 6 28 8 29 7 26 26 3 4 12 7 1 29 29 16 26 19 5 1 5 25 23 4 20 5 28 13 13 9 29 8 18 9 10 12 18 20 10 17 3 12 20 18 29 25 26 21 2 10 4 4 29 11 13 23 12 12 26 6 25 16 28 26 25 18 11 1 9 12 3 16 4 14 14 28 11 25 6 28 6 5 4 22 2 21 20 11 5 3 1 11 30 11 6 22 3 20 13 9 29 11 1 22 3 22 7 5 8 13 8 16 11 20 
51556
1 1 1 1 1 1 1 0 1 1 1 1 1 1 1 0 1 1 1 1 1 1 1 1 1 1 1 1 1 1 
19 20 22 28 3 13 22 28 23 29 5 29 14 2 29 19 2 21 23 1 19 17 6 25 11 19 28 20 30 3 20 20 5 17 28 7 21 9 25 17 19 10 7 5 9 20 14 22 20 15 25 17 25 17 9 7 12 10 19 26 30 1 19 9 14 12 6 15 29 26 19 13 20 10 24 24 21 24 9 17 11 1 10 26 30 14 7 6 28 26 29 7 26 26 3 4 12 7 1 29 29 22 26 19 5 1 5 25 23 4 20 5 28 13 13 9 29 26 18 9 27 12 18 20 27 17 3 12 27 18 29 25 26 21 24 10 4 4 29 11 13 23 12 12 26 6 25 22 28 26 25 18 24 1 9 12 3 17 4 14 14 28 11 25 6 28 6 5 4 22 2 21 20 15 27 3 1 11 30 11 6 22 3 20 13 9 29 24 1 22 3 22 7 5 26 13 26 22 11 20 
33732
1 0 0 1 1 1 1 0 1 0 1 1 1 1 0 1 1 1 1 1 1 1 1 1 1 1 1 0 1 0 
19 20 22 23 22 13 16 29 23 29 5 29 14 14 29 19 4 21 23 1 19 17 6 25 11 19 25 20 5 22 20 20 5 17 29 7 21 9 25 17 19 9 7 5 9 20 14 22 20 21 25 17 22 17 9 7 12 9 19 26 5 1 19 9 14 12 6 18 29 26 19 13 20 9 24 24 21 24 9 17 11 1 27 26 5 14 7 6 25 26 29 7 26 26 1 4 12 7 1 29 29 16 26 19 5 1 5 25 23 4 20 5 19 13 13 9 29 26 18 9 27 12 18 20 27 17 22 12 27 18 29 25 26 21 24 9 4 4 29 11 13 23 12 12 26 6 25 16 19 26 25 18 24 1 9 12 6 16 4 14 14 1 11 25 6 25 6 5 4 22 6 21 20 11 27 1 1 11 5 11 6 22 22 20 13 9 29 24 1 22 22 22 7 5 26 13 26 16 11 20 
23780
1 1 1 1 1 1 1 1 0 0 1 1 1 1 1 1 1 1 1 1 1 1 1 1 1 1 1 1 1 1 
19 20 22 28 3 13 16 28 23 29 5 29 14 2 29 19 2 21 23 1 19 17 6 25 11 19 28 20 30 3 20 20 5 17 28 7 21 21 25 17 19 21 7 5 21 20 14 22 20 15 25 17 25 17 21 7 12 27 19 8 30 1 8 21 14 12 6 15 29 26 19 13 20 21 24 24 21 24 21 17 11 1 27 26 30 14 7 6 28 8 29 7 26 26 3 4 12 7 1 29 29 16 26 19 5 1 5 25 23 4 20 5 28 13 13 21 29 8 18 21 27 12 18 20 27 17 3 12 27 18 29 25 26 21 24 21 4 4 29 11 13 23 12 12 26 6 25 16 28 26 25 18 24 1 21 12 3 16 4 14 14 28 11 25 6 28 6 5 4 22 2 21 20 15 27 3 1 11 30 11 6 22 3 20 13 21 29 24 1 22 3 22 7 5 8 13 8 16 11 20 
32262
1 1 1 1 1 1 1 1 1 1 1 1 1 0 1 1 1 1 1 1 1 1 1 1 1 1 1 1 1 1 
19 20 22 28 3 13 16 28 23 29 5 29 11 2 29 19 2 21 23 1 19 17 6 25 11 19 28 20 30 3 20 20 5 17 28 7 21 9 25 17 19 10 7 5 9 20 4 22 20 15 25 17 25 17 9 7 12 10 19 8 30 1 8 9 4 12 6 15 29 26 19 13 20 10 24 24 21 24 9 17 11 1 10 26 30 11 7 6 28 8 29 7 26 26 3 4 12 7 1 29 29 16 26 19 5 1 5 25 23 4 20 5 28 13 13 9 29 8 18 9 27 12 18 20 27 17 3 12 27 18 29 25 26 21 24 10 4 4 29 11 13 23 12 12 26 6 25 16 28 26 25 18 24 1 9 12 3 16 4 4 2 28 11 25 6 28 6 5 4 22 2 21 20 15 27 3 1 11 30 11 6 22 3 20 13 9 29 24 1 22 3 22 7 5 8 13 8 16 11 20 
47918
1 0 1 1 0 1 1 1 1 1 1 1 1 1 1 1 1 0 1 1 1 0 1 1 1 0 1 1 1 1 
19 20 3 28 3 13 16 28 23 29 30 29 14 14 29 19 4 21 23 1 19 17 6 25 11 19 28 20 30 3 20 20 27 17 28 7 21 9 25 17 19 10 7 27 9 20 14 3 20 15 25 17 25 17 9 7 12 10 19 8 30 1 8 9 14 12 6 15 29 13 19 13 20 10 24 24 21 24 9 17 11 1 10 8 30 14 7 6 28 8 29 7 8 12 3 4 12 7 1 29 29 16 13 19 30 1 30 25 23 4 20 30 28 13 13 9 29 8 15 9 27 12 29 20 27 17 3 12 27 1 29 25 12 21 24 10 4 4 29 11 13 23 12 12 12 6 25 16 28 12 25 1 24 1 9 12 3 16 4 14 14 28 11 25 6 28 6 30 4 16 6 21 20 15 27 3 1 11 30 11 6 16 3 20 13 9 29 24 1 25 3 3 7 30 8 13 8 16 11 20 
35303
1 1 1 0 1 1 1 1 1 0 1 0 1 1 1 1 1 0 1 1 1 1 1 1 1 1 1 1 1 1 
19 20 22 28 3 13 16 28 23 29 5 29 14 2 29 19 2 21 23 1 19 17 6 25 11 19 28 20 30 3 20 20 5 17 28 7 21 9 25 17 19 9 7 5 9 20 14 22 20 15 25 17 25 17 9 7 26 9 19 8 30 1 8 9 14 26 6 15 29 26 19 13 20 9 24 24 21 24 9 17 11 1 27 26 30 14 7 6 28 8 29 7 26 26 3 14 29 7 1 29 29 16 26 19 5 1 5 25 23 14 20 5 28 13 13 9 29 8 15 9 27 26 29 20 27 17 3 13 27 1 29 25 26 21 24 9 2 14 29 11 13 23 13 26 26 6 25 16 28 26 25 1 24 1 9 29 3 16 14 14 14 28 11 25 6 28 6 5 2 22 2 21 20 15 27 3 1 11 30 11 6 22 3 20 13 9 29 24 1 22 3 22 7 5 8 13 8 16 11 20 
22866
1 1 1 0 1 1 1 0 1 1 1 1 1 1 0 0 1 1 1 1 1 1 1 0 1 1 1 1 1 1 
19 20 22 28 3 13 22 28 23 29 5 29 14 2 29 19 2 21 23 1 19 17 6 25 11 19 28 20 30 3 20 20 5 17 28 7 21 9 25 17 19 10 7 5 9 20 14 22 20 21 25 17 25 17 9 7 12 10 19 26 30 1 19 9 14 12 6 18 29 26 19 13 20 10 6 14 21 6 9 17 11 1 10 26 30 14 7 6 28 26 29 7 26 26 3 14 12 7 1 29 29 22 26 19 5 1 5 25 23 14 20 5 28 13 13 9 29 26 18 9 27 12 18 20 27 17 3 12 27 18 29 25 26 21 2 10 2 14 29 11 13 23 12 12 26 6 25 22 28 26 25 18 11 1 9 12 3 17 14 14 14 28 11 25 6 28 6 5 2 22 2 21 20 11 27 3 1 11 30 11 6 22 3 20 13 9 29 11 1 22 3 22 7 5 26 13 26 22 11 20 
31882
1 1 1 0 1 1 1 1 1 1 1 1 1 1 1 0 1 1 1 1 1 1 1 1 1 1 1 1 1 1 
19 20 22 28 3 13 22 28 23 29 5 29 14 2 29 19 2 21 23 1 19 17 6 25 11 19 28 20 30 3 20 20 5 17 28 7 21 9 25 17 19 10 7 5 9 20 14 22 20 15 25 17 25 17 9 7 12 10 19 8 30 1 8 9 14 12 6 15 29 26 19 13 20 10 24 24 21 24 9 17 11 1 10 26 30 14 7 6 28 8 29 7 26 26 3 14 12 7 1 29 29 22 26 19 5 1 5 25 23 14 20 5 28 13 13 9 29 8 18 9 27 12 18 20 27 17 3 12 27 18 29 25 26 21 24 10 2 14 29 11 13 23 12 12 26 6 25 22 28 26 25 18 24 1 9 12 3 17 14 14 14 28 11 25 6 28 6 5 2 22 2 21 20 15 27 3 1 11 30 11 6 22 3 20 13 9 29 24 1 22 3 22 7 5 8 13 8 22 11 20 
48019
1 0 1 0 1 1 1 1 1 0 1 1 1 1 1 0 0 1 1 1 1 1 1 1 1 1 1 1 1 1 
19 20 22 28 3 13 22 28 23 29 5 29 14 14 29 19 14 21 23 1 19 22 6 25 11 19 28 20 30 3 20 20 5 22 28 7 21 9 25 22 19 9 7 5 9 20 14 22 20 15 25 25 25 22 9 7 12 9 19 26 30 1 8 9 14 12 6 15 29 26 19 13 20 9 24 24 21 24 9 25 11 1 27 26 30 14 7 6 28 8 29 7 26 26 3 14 12 7 1 29 29 22 26 19 5 1 5 25 23 14 20 5 28 13 13 9 29 8 18 9 27 12 18 20 27 22 3 12 27 18 29 25 26 21 24 9 14 14 29 11 13 23 12 12 26 6 25 22 28 26 25 18 24 1 9 12 3 22 14 14 14 28 11 25 6 28 6 5 14 22 6 21 20 15 27 3 1 11 30 11 6 22 3 20 13 9 29 24 1 22 3 22 7 5 8 13 8 22 11 20 
35341
1 0 1 1 1 1 1 0 1 0 1 1 1 1 1 0 1 1 1 1 1 1 1 1 1 1 1 1 1 0 
19 20 22 23 3 13 22 28 23 29 5 29 14 14 29 19 4 21 23 1 19 17 6 25 11 19 28 20 5 3 20 20 5 17 28 7 21 9 25 17 19 9 7 27 9 20 14 22 20 15 25 17 25 17 9 7 12 9 19 26 5 1 19 9 14 12 6 15 29 26 19 13 20 21 24 24 21 24 9 17 11 1 27 26 5 14 20 6 28 26 29 7 26 26 3 4 28 7 1 29 29 22 26 19 5 1 5 25 23 4 20 5 28 13 13 9 29 26 18 9 27 12 18 20 27 17 3 12 27 18 29 25 26 21 24 9 4 4 29 11 13 23 12 12 26 6 25 17 28 26 25 18 24 1 9 12 3 22 4 14 14 28 11 25 6 28 6 5 4 22 6 21 20 15 27 3 1 11 5 11 6 22 3 20 13 9 29 24 1 22 3 22 7 5 26 13 26 22 11 20 
23392
1 1 1 0 1 1 1 1 1 0 1 1 1 1 1 1 1 1 1 1 1 1 1 1 1 1 1 0 1 0 
19 20 22 23 3 13 16 29 23 29 5 29 14 2 29 19 2 21 23 1 19 17 6 25 11 19 25 20 5 3 20 20 5 17 29 7 21 9 25 17 19 9 7 5 9 20 14 22 20 15 25 17 25 17 9 7 12 9 19 8 5 1 8 9 14 12 6 15 29 26 19 13 20 9 24 24 21 24 9 17 11 1 27 26 5 14 7 6 25 8 29 7 26 26 3 14 12 7 1 29 29 16 26 19 5 1 5 25 23 14 20 5 19 13 13 9 29 8 18 9 27 12 18 20 27 17 3 12 27 18 29 25 26 21 24 9 2 14 29 11 13 23 12 12 26 6 25 16 19 26 25 18 24 1 9 12 3 16 14 14 14 1 11 25 6 25 6 5 2 22 2 21 20 15 27 3 1 11 5 11 6 22 3 20 13 9 29 24 1 22 3 22 7 5 8 13 8 16 11 20 
30319
1 1 1 1 1 0 1 0 1 1 1 1 1 1 0 1 1 1 1 1 0 1 1 1 1 1 1 1 1 0 
19 20 22 28 3 13 16 28 23 29 5 29 14 2 29 19 2 11 23 1 19 17 24 25 11 19 28 20 5 3 20 20 5 17 28 7 9 9 25 17 19 10 7 5 9 20 14 22 20 11 25 17 25 17 9 7 12 10 19 26 5 1 26 9 14 12 24 18 29 26 19 13 20 10 24 24 11 24 9 17 11 1 10 26 5 14 7 3 28 26 29 7 26 26 3 4 12 7 1 29 29 16 26 19 5 1 5 25 23 4 20 5 28 13 13 9 29 26 18 9 27 12 18 20 27 17 3 12 27 18 29 25 26 11 24 10 4 4 29 11 13 23 12 12 26 3 25 16 28 26 25 18 24 1 9 12 3 16 4 14 14 28 11 25 24 28 24 5 4 22 2 9 20 11 27 3 1 11 5 11 3 22 3 20 13 9 29 24 1 22 3 22 7 5 26 13 26 16 11 20 
50597
1 1 1 1 1 1 1 1 1 0 1 1 1 1 1 0 1 1 1 1 1 1 1 1 0 1 1 1 1 1 
19 20 22 28 3 13 22 28 23 29 5 29 14 2 29 19 2 21 23 1 19 17 6 1 11 19 28 20 30 3 20 20 5 17 28 7 21 9 17 17 19 9 7 5 9 20 14 22 20 15 1 17 3 17 9 7 12 9 19 8 30 1 8 9 14 12 6 15 29 26 19 13 20 9 24 24 21 24 9 17 11 1 27 26 30 14 7 6 28 8 29 7 26 26 3 4 12 7 1 29 29 22 26 19 5 1 5 28 23 4 20 5 28 13 13 9 29 8 18 9 27 12 18 20 27 17 3 12 27 18 29 22 26 21 24 9 4 4 29 11 13 23 12 12 26 6 17 22 28 26 28 18 24 1 9 12 3 17 4 14 14 28 11 3 6 28 6 5 4 22 2 21 20 15 27 3 1 11 30 11 6 22 3 20 13 9 29 24 1 22 3 22 7 5 8 13 8 22 11 20 
37590
1 1 1 1 1 1 0 1 1 0 1 1 1 1 1 1 1 1 1 1 1 1 1 1 1 1 1 1 1 1 
19 20 22 28 3 13 16 28 23 29 5 29 14 2 29 19 2 21 23 1 19 17 6 25 11 19 28 20 30 3 20 20 5 17 28 13 21 9 25 17 19 9 13 5 9 20 14 22 20 15 25 17 25 17 9 13 12 9 19 8 30 1 8 9 14 12 6 15 29 26 19 13 20 9 24 24 21 24 9 17 11 1 27 26 30 14 20 6 28 8 29 20 26 26 3 4 12 13 1 29 29 16 26 19 5 1 5 25 23 4 20 5 28 13 13 9 29 8 18 9 27 12 18 20 27 17 3 12 27 18 29 25 26 21 24 9 4 4 29 11 13 23 12 12 26 6 25 16 28 26 25 18 24 1 9 12 3 16 4 14 14 28 11 25 6 28 6 5 4 22 2 21 20 15 27 3 1 11 30 11 6 22 3 20 13 9 29 24 1 22 3 22 20 5 8 13 8 16 11 20 
