18118
1 1 1 1 1 1 1 1 1 1 
5 5 5 7 5 3 3 6 5 2 2 4 8 3 8 6 10 9 5 8 4 4 7 5 5 6 9 6 4 6 10 3 4 1 7 10 5 1 3 4 8 1 3 6 10 9 4 1 8 1 
17679
1 1 1 1 1 1 1 1 1 1 
6 4 8 7 3 5 5 10 3 2 10 8 2 2 9 4 1 1 7 7 4 6 7 8 9 7 7 5 1 2 4 1 9 7 1 8 8 4 9 10 3 9 4 7 1 2 3 1 5 5 
19459
1 1 1 1 1 1 1 1 1 1 
8 4 4 7 7 7 6 10 3 1 2 8 6 3 2 4 8 1 10 5 3 1 1 1 3 7 4 7 1 4 3 7 9 2 5 10 7 6 9 6 10 9 4 5 8 1 9 4 3 3 
21533
1 1 1 1 1 1 1 1 1 1 
5 3 2 10 3 6 7 1 6 2 5 3 4 5 10 4 6 6 10 8 6 1 1 4 4 9 2 6 1 3 6 10 1 1 6 5 6 1 3 10 2 1 8 5 5 4 10 1 5 9 
19005
1 1 1 1 1 1 1 1 1 1 
8 4 2 7 2 5 6 5 7 2 8 1 1 5 9 7 3 8 1 5 2 2 8 3 5 6 1 7 3 2 1 9 1 3 5 10 10 2 9 3 6 2 9 4 9 1 4 5 8 4 
17754
1 1 1 1 1 1 1 1 1 1 
3 5 4 7 7 5 6 5 7 2 10 9 8 4 1 8 8 9 5 3 3 9 2 5 10 7 4 6 1 4 8 2 4 3 2 9 7 2 4 3 10 9 6 7 9 1 1 5 5 6 
19714
1 1 1 1 1 1 1 1 1 1 
9 8 6 10 7 5 2 5 5 3 8 1 6 1 1 8 4 4 2 8 1 4 10 5 4 10 9 2 10 2 3 2 8 5 5 6 8 2 9 3 6 6 9 6 5 4 3 1 5 9 
22171
1 1 1 1 1 1 1 1 1 1 
3 3 4 5 9 9 8 5 3 7 10 9 7 1 1 4 4 8 6 5 8 4 1 5 2 6 4 7 2 1 3 6 1 9 7 10 2 9 9 9 2 8 2 2 6 1 10 1 4 10 
18858
1 1 1 1 1 1 1 1 1 1 
9 3 9 3 1 7 1 8 5 1 7 1 4 7 1 4 9 9 10 1 3 8 8 5 4 7 7 5 1 2 3 10 7 2 5 5 8 6 9 7 2 8 1 2 5 9 2 2 8 10 
17927
1 1 1 1 1 1 1 1 1 1 
1 9 6 7 9 9 10 10 10 1 1 1 8 2 1 1 10 2 10 8 4 8 7 5 7 5 6 10 8 1 5 7 10 7 10 5 8 2 5 5 9 2 2 10 3 4 2 3 6 2 
19929
1 1 1 1 1 1 1 1 1 1 
7 2 4 8 9 2 4 3 9 1 7 8 9 1 9 4 3 3 8 5 9 9 5 3 3 4 4 6 3 2 7 1 2 1 7 8 1 4 1 4 4 1 2 2 1 9 5 1 10 3 
21209
1 1 1 1 1 1 1 1 1 1 
1 5 4 5 2 3 6 7 1 7 3 9 7 2 10 4 10 9 10 8 6 9 6 5 7 3 4 10 3 10 6 7 2 3 7 3 7 2 10 5 4 1 5 7 5 1 3 4 2 4 
21812
1 1 0 1 1 1 1 1 1 1 1 0 1 1 0 1 1 0 1 1 
1 9 8 16 14 19 13 17 1 2 19 20 13 17 14 17 9 4 2 9 8 11 19 20 7 19 17 10 7 9 20 4 14 1 4 5 5 16 13 9 13 1 19 6 13 5 2 20 2 8 
20129
1 1 1 1 1 1 1 1 1 1 1 1 1 1 1 1 1 1 0 1 
9 15 18 1 4 9 7 14 13 13 12 14 20 11 20 3 16 13 4 13 15 17 16 20 7 16 9 5 2 15 3 6 6 6 7 1 13 17 20 14 9 1 17 16 2 18 8 10 15 4 
24128
1 1 1 1 1 1 1 1 1 1 1 1 1 1 1 0 0 0 0 1 
4 5 14 2 13 4 8 20 13 4 15 3 4 6 3 12 1 4 6 9 12 4 12 2 12 1 6 5 8 2 7 11 20 15 7 11 9 7 5 15 10 20 1 8 12 8 13 5 20 9 
27465
1 1 1 0 0 1 1 1 1 1 1 1 0 1 1 1 1 1 1 1 
17 15 1 7 3 11 18 18 16 2 3 20 15 19 14 2 1 10 20 1 7 6 8 15 12 19 20 20 14 14 17 8 19 8 20 9 8 20 1 8 9 8 1 12 9 10 2 16 14 7 
22652
1 1 0 1 1 1 1 0 0 1 1 1 1 1 1 1 1 1 1 1 
10 18 10 17 13 1 20 14 20 5 7 4 20 7 14 1 7 15 5 10 2 1 17 19 2 11 1 10 18 12 13 6 11 16 5 4 5 19 20 2 7 19 19 19 5 10 17 2 20 13 
20425
0 1 1 1 1 1 1 1 1 0 1 1 1 1 1 1 1 0 0 1 
8 15 17 20 2 6 12 7 2 5 11 9 15 5 3 2 14 9 14 9 16 16 15 13 4 4 15 8 6 16 5 7 11 6 9 7 12 13 6 3 20 17 6 20 8 14 14 9 3 11 
23538
1 1 1 1 1 1 1 1 1 0 1 1 0 1 1 1 1 1 0 1 
8 15 12 7 20 8 8 20 12 12 6 18 3 11 14 11 14 7 5 9 9 12 16 2 4 5 9 3 2 20 14 14 6 8 2 18 17 12 9 4 7 16 1 15 12 17 6 5 3 1 
25819
1 1 0 1 1 0 1 1 1 0 1 1 1 1 1 1 1 0 1 0 
9 17 4 11 12 4 5 17 7 13 9 9 17 7 8 8 19 16 12 7 12 8 1 2 11 19 4 2 12 15 13 16 2 17 4 7 5 2 15 5 17 8 17 1 12 1 13 15 14 5 
22130
1 1 0 1 0 1 1 1 1 1 1 1 1 0 1 1 1 1 0 1 
17 7 12 1 2 2 4 1 1 18 11 13 12 10 16 8 16 8 9 9 13 16 17 9 2 12 16 12 16 6 1 8 4 20 18 11 18 1 17 8 10 7 1 15 4 13 4 9 16 13 
20339
0 1 1 1 1 1 0 1 1 1 1 1 1 1 1 1 1 1 1 1 
17 17 8 13 12 19 12 18 16 4 18 17 18 17 3 3 15 16 10 10 20 5 17 19 9 19 17 5 11 19 18 6 19 6 3 10 4 2 19 10 11 8 6 8 12 14 16 13 13 13 
23732
1 1 1 1 1 0 1 1 1 0 1 1 1 0 0 1 1 1 1 1 
17 12 9 16 18 20 13 16 8 2 7 4 5 13 18 19 19 5 16 4 4 11 8 13 4 12 1 18 4 18 4 11 11 4 13 8 19 20 18 13 19 19 17 2 5 3 13 8 8 16 
26703
1 1 1 1 1 1 1 1 1 0 1 1 1 1 1 1 1 1 1 0 
16 5 1 7 2 3 18 14 18 6 16 8 4 8 14 13 14 9 2 5 13 14 2 7 15 4 17 4 4 19 11 16 16 16 4 1 12 14 13 14 2 8 13 15 6 17 15 13 5 8 
84960
1 1 1 1 1 1 1 1 1 1 1 1 1 1 1 1 1 1 1 1 1 1 1 1 1 1 1 1 1 1 
28 28 30 12 13 28 6 12 18 22 7 19 17 8 6 29 18 20 6 14 8 9 24 28 3 2 14 30 20 29 10 1 9 18 12 21 30 1 28 15 9 15 8 26 6 8 5 22 12 10 25 6 24 17 5 12 1 12 26 28 11 11 27 29 13 2 28 6 23 22 9 20 6 1 9 15 5 30 9 11 1 4 1 27 1 5 17 15 14 15 28 4 10 29 8 8 13 24 25 22 7 12 10 1 8 28 16 15 25 6 8 16 6 12 12 17 12 4 17 29 25 12 8 29 3 12 7 30 4 18 18 5 25 13 27 5 11 27 1 1 8 8 12 23 26 3 20 6 6 4 
81335
1 1 1 1 1 1 1 1 1 1 1 1 1 1 1 1 1 1 1 1 1 1 1 1 1 1 1 1 1 1 
12 18 14 21 30 28 12 3 6 9 4 14 4 7 1 2 18 23 29 4 30 25 13 19 26 2 28 10 28 22 20 22 11 1 18 19 25 30 10 19 20 2 6 8 2 3 12 3 12 20 1 21 18 27 27 6 18 28 19 16 3 1 14 28 28 1 18 1 20 1 22 10 28 26 15 7 29 2 30 1 17 11 26 10 18 1 1 10 26 24 16 9 8 14 10 22 29 30 3 2 19 1 16 28 28 28 5 19 5 26 28 1 22 12 28 4 12 30 25 20 22 28 20 29 20 8 16 19 23 20 8 7 15 16 16 10 18 2 9 5 26 15 4 16 17 9 9 15 23 23 
87920
1 1 1 1 1 1 1 1 1 1 1 1 1 1 1 1 1 1 1 1 1 1 1 1 1 1 1 1 1 1 
15 6 21 4 19 6 12 5 17 4 26 8 27 29 23 22 6 26 14 14 3 16 28 8 19 1 1 18 10 28 6 19 28 14 24 8 1 24 24 9 25 27 1 24 3 5 22 14 8 15 10 15 24 25 14 25 27 15 21 6 22 8 11 12 21 3 24 12 15 28 20 8 23 12 29 17 13 5 22 2 25 4 24 12 10 7 3 5 7 4 2 7 28 1 1 15 5 20 12 11 1 3 17 8 2 9 6 4 22 1 9 12 14 1 9 28 22 28 3 25 3 26 5 29 2 19 28 18 3 2 23 3 12 11 16 21 15 18 15 1 30 27 8 1 16 21 15 30 9 25 
95024
1 1 1 1 1 1 1 1 1 1 1 1 1 1 1 1 1 1 1 1 1 1 1 1 1 1 1 1 1 1 
4 20 24 2 17 6 15 3 3 27 6 2 3 29 12 1 9 20 30 23 3 16 12 15 27 15 8 8 1 24 26 22 4 8 9 14 4 20 21 6 7 24 23 14 26 15 23 12 19 5 22 28 8 18 2 22 25 13 4 10 10 13 1 23 10 6 3 4 18 24 4 4 18 1 20 23 29 25 22 17 15 2 7 15 12 18 1 26 20 2 15 12 1 20 30 10 14 13 26 12 26 8 23 20 27 20 15 6 24 8 17 26 8 11 19 9 27 30 24 2 12 18 25 17 26 29 24 11 3 21 2 24 20 18 12 15 22 22 30 18 14 30 3 6 14 12 6 15 7 20 
84200
1 0 1 1 1 1 1 1 1 1 1 1 1 1 1 1 1 1 1 1 1 1 1 1 1 1 1 1 1 1 
4 25 22 4 8 24 5 26 23 25 11 21 24 21 20 30 15 18 27 16 11 1 27 29 6 25 30 9 3 26 13 6 14 22 9 21 25 13 30 10 18 15 17 1 25 5 25 11 9 6 30 7 1 29 28 13 23 18 1 6 1 19 24 3 28 1 20 30 12 3 14 22 1 20 30 12 15 28 9 18 25 6 3 18 17 17 16 11 26 18 18 12 10 26 7 7 24 9 21 9 19 17 20 26 26 28 8 16 29 30 15 29 5 15 5 21 27 9 16 14 28 27 9 14 9 4 6 5 28 8 8 18 10 12 29 25 18 19 9 25 29 25 10 1 21 18 12 22 22 26 
81085
1 1 1 1 1 1 1 1 1 1 1 1 1 1 1 1 1 1 1 1 1 1 1 1 1 1 1 1 1 1 
30 15 29 30 6 29 3 10 7 8 10 19 4 9 13 15 12 24 1 22 6 24 16 18 21 29 15 25 9 28 10 27 28 16 18 6 23 3 3 20 27 23 1 17 3 26 8 15 6 19 21 5 10 20 20 26 14 11 22 19 15 1 23 19 4 26 30 14 30 8 1 2 18 18 18 3 26 12 14 20 20 24 19 9 19 18 3 17 8 14 24 28 6 14 8 15 7 26 27 2 28 3 21 23 3 24 5 6 8 24 21 25 15 27 21 20 8 8 10 16 3 27 20 29 28 18 12 17 12 3 18 22 7 9 10 15 14 25 8 28 16 17 15 12 28 23 30 18 3 26 
86297
1 1 1 1 1 1 1 1 1 1 1 1 1 1 1 1 1 1 1 1 1 1 1 1 1 1 1 1 1 1 
9 8 19 9 12 23 13 24 9 16 29 20 30 21 1 1 15 17 18 23 15 26 3 4 28 18 26 25 18 9 18 3 6 10 13 23 18 4 26 19 30 14 3 27 26 19 22 4 8 28 25 3 22 18 19 6 18 12 23 7 22 8 19 25 25 20 23 4 4 16 28 13 7 18 24 2 6 23 30 5 13 26 9 12 22 18 10 1 9 10 1 27 19 15 30 22 4 11 23 5 11 24 8 7 18 25 5 7 28 5 6 1 19 26 3 30 12 22 30 28 18 9 16 17 5 28 17 25 16 27 15 12 6 2 29 29 15 18 17 3 7 2 29 5 18 5 20 3 8 8 
92691
1 1 1 1 1 1 1 1 1 1 1 1 1 1 1 1 1 1 1 1 1 1 1 1 1 1 1 1 1 1 
26 24 28 12 4 25 28 12 18 13 27 9 17 20 13 29 6 14 5 25 26 10 2 25 14 29 1 26 23 3 3 15 29 23 9 7 12 2 5 22 3 21 2 27 1 15 15 8 27 30 18 19 15 23 8 7 20 8 8 10 8 25 11 20 3 1 26 21 22 19 10 10 18 1 6 5 26 9 27 23 18 5 22 17 5 6 18 5 1 3 25 7 15 11 1 29 20 29 23 28 28 3 15 2 28 30 26 6 30 19 26 27 20 26 17 17 28 13 2 19 7 20 21 10 7 21 28 2 30 6 12 25 8 16 12 15 19 22 15 6 23 18 2 12 6 28 10 20 25 14 
85830
1 1 1 1 1 1 1 1 1 1 1 1 0 1 1 1 1 1 1 1 1 1 1 1 1 1 1 1 1 1 
19 12 4 20 22 14 27 16 22 17 24 26 3 1 16 30 10 2 8 1 23 15 4 29 15 28 6 28 28 28 30 6 18 18 20 18 6 16 1 3 9 14 7 9 20 18 19 9 5 7 20 16 19 6 12 24 29 20 18 26 18 6 28 19 7 1 3 12 12 15 26 3 25 6 23 18 9 1 10 21 14 1 15 8 18 30 11 2 26 17 14 7 19 5 27 20 22 26 20 5 12 1 14 1 30 1 1 10 5 16 9 30 23 22 17 15 22 28 23 10 6 9 21 1 11 26 11 25 3 18 12 15 6 30 17 10 8 1 28 25 8 27 18 24 21 5 11 25 5 24 
83309
1 1 1 1 1 1 1 1 1 1 1 1 1 1 1 1 1 1 1 1 1 1 1 1 1 1 1 1 1 1 
19 24 4 21 23 1 17 12 8 9 6 17 16 29 18 18 18 29 5 6 30 21 8 30 2 13 9 12 26 23 29 12 10 7 13 10 1 16 8 10 6 18 20 22 19 29 15 3 7 8 29 5 20 21 29 4 4 15 8 7 13 30 7 20 2 4 12 16 3 1 2 11 8 19 25 6 5 7 11 16 8 18 19 1 5 12 30 2 2 10 25 4 3 14 15 9 22 5 2 14 10 26 10 18 9 14 4 15 18 28 20 27 5 10 12 30 3 10 16 1 14 20 12 2 24 6 3 15 23 27 1 15 8 27 9 30 21 26 9 18 16 17 2 20 24 1 25 19 20 4 
85621
1 1 1 1 1 1 1 1 1 1 1 1 1 1 1 1 1 1 1 1 1 1 1 1 1 1 1 1 1 1 
17 12 24 11 6 16 28 24 4 12 19 2 6 8 7 29 18 3 30 16 25 18 21 13 26 3 1 1 10 12 6 26 4 19 18 5 14 9 3 29 29 29 28 3 25 22 30 2 1 1 3 16 3 6 5 15 18 12 15 3 1 15 8 20 3 21 8 28 11 28 20 21 25 18 16 17 14 9 7 24 10 8 21 13 22 17 23 15 14 21 18 22 30 8 14 25 30 27 28 24 12 28 26 25 1 17 20 22 1 25 27 4 29 1 26 30 8 7 18 15 14 11 6 14 2 20 5 10 19 18 24 17 3 11 5 12 7 12 2 18 8 11 2 24 14 2 7 26 17 9 
92417
1 1 1 1 1 1 1 1 1 1 1 1 1 1 1 1 1 1 1 1 1 1 1 1 1 1 1 1 1 1 
22 18 2 16 6 27 15 30 4 3 4 20 28 25 3 29 10 20 10 2 24 11 2 16 6 19 14 9 20 30 4 25 22 21 29 4 9 10 6 9 6 6 16 5 16 25 21 17 9 26 23 24 12 18 5 29 8 6 4 12 20 19 21 29 16 16 1 29 15 12 1 5 6 18 7 1 15 1 21 21 22 3 14 30 6 3 19 13 14 16 4 1 4 24 8 18 26 30 18 28 19 9 6 18 22 27 1 18 9 21 9 19 25 10 8 22 8 2 18 6 12 4 7 15 28 5 10 28 30 30 8 16 25 6 8 3 30 10 11 25 10 8 14 4 29 24 2 25 10 25 
86694
1 1 1 1 1 1 1 1 1 1 1 1 1 1 1 1 1 1 1 1 1 1 1 1 1 1 1 1 1 1 
27 16 11 12 16 18 19 2 18 14 11 16 2 27 30 14 15 20 6 1 2 12 19 10 1 29 28 12 20 12 28 2 13 15 2 16 9 8 20 9 6 14 30 3 4 11 22 28 8 10 27 29 11 23 9 4 24 7 20 3 16 28 15 8 29 30 15 28 5 23 25 19 16 8 18 29 20 5 24 17 14 18 8 10 22 6 23 30 13 3 26 5 16 1 28 21 28 12 25 2 2 4 12 30 28 27 26 11 30 15 5 9 26 12 28 21 14 1 14 12 3 28 6 29 14 26 24 20 20 27 23 6 8 20 15 1 26 23 21 19 8 3 3 18 29 28 1 1 15 23 
80397
1 1 1 1 1 1 1 1 1 1 1 1 1 1 1 1 1 1 1 1 1 1 1 1 1 1 1 1 1 1 
25 26 29 6 24 3 22 12 7 17 24 21 12 23 15 8 26 1 19 25 5 3 28 8 1 2 9 6 19 26 13 12 28 14 1 17 5 28 21 9 6 26 8 16 2 2 13 22 10 20 15 12 30 9 28 10 6 30 8 3 18 10 1 3 8 18 4 12 26 18 22 23 22 8 15 12 1 8 27 27 14 10 15 10 23 1 24 14 12 24 28 26 15 8 10 22 28 5 3 8 30 10 26 23 17 21 14 12 14 5 15 17 1 16 8 6 3 22 2 30 25 9 29 12 20 4 6 28 9 22 16 18 4 3 18 9 28 14 12 11 26 24 15 6 16 22 10 30 3 2 
87602
1 1 1 1 1 1 1 1 1 1 1 1 1 1 1 1 1 1 1 1 1 1 1 1 1 1 0 1 1 1 
5 9 17 25 3 29 18 7 16 4 24 29 13 9 18 7 18 15 18 18 24 10 18 6 30 21 6 6 25 29 22 20 19 2 26 15 6 19 13 29 12 7 16 5 8 21 19 4 21 14 26 1 4 10 20 25 3 1 5 12 15 19 23 3 6 29 15 11 15 24 12 1 1 29 10 4 21 1 2 3 17 19 29 12 1 30 12 4 25 12 2 21 4 18 24 15 28 5 30 28 18 1 12 25 24 16 13 15 3 18 23 11 5 12 1 20 16 10 29 10 8 28 26 1 12 2 24 7 1 25 4 4 4 12 2 20 24 11 7 25 5 17 23 22 26 12 6 1 22 29 
93257
1 1 1 1 1 1 1 1 1 1 1 1 1 1 1 1 1 1 1 1 1 1 1 1 1 1 1 1 1 1 
10 19 2 7 14 14 19 15 29 3 4 28 21 12 9 8 20 20 3 18 20 2 27 5 29 29 5 7 25 26 3 30 19 12 25 18 6 8 26 15 2 18 15 26 30 21 26 28 14 19 22 28 5 5 6 18 12 8 1 28 26 26 21 11 23 20 29 7 18 7 16 27 5 23 6 15 23 25 10 6 26 8 12 26 30 19 17 25 30 9 26 11 14 18 8 30 24 5 7 24 13 20 15 20 15 25 9 8 22 9 5 22 14 25 4 17 17 12 26 8 1 21 8 11 22 5 9 14 12 19 18 3 23 26 28 18 2 12 22 30 18 12 7 15 12 12 8 27 20 15 
13856
1 1 1 1 1 1 1 1 1 1 
8 3 10 2 4 5 2 3 4 8 5 8 3 2 7 8 6 8 1 8 6 2 9 3 1 6 1 6 9 8 9 7 1 10 4 6 3 9 5 10 4 4 8 8 4 3 5 7 6 6 4 8 3 7 3 9 10 1 4 2 5 4 3 2 7 9 5 7 3 7 4 5 8 2 4 6 3 3 10 6 7 3 6 6 6 7 9 6 3 8 
16395
1 1 1 1 1 1 1 1 1 1 1 1 1 0 0 1 1 1 1 1 
7 9 2 11 13 11 2 20 4 3 8 20 10 9 1 2 18 12 13 11 19 4 12 17 13 10 1 8 3 17 13 8 11 4 13 2 2 5 13 3 12 3 6 18 6 10 7 11 16 16 11 9 18 4 18 13 18 19 9 16 4 8 10 4 20 4 3 8 3 4 7 7 20 17 1 19 17 7 4 19 
17137
1 1 1 0 1 1 1 0 1 1 1 1 1 1 1 1 1 1 1 1 0 1 0 1 1 1 0 1 1 1 
28 1 16 2 15 26 18 9 20 30 5 30 24 30 1 13 24 16 20 5 30 19 17 7 18 14 30 19 2 5 25 10 14 12 19 7 14 22 29 28 10 5 28 24 2 26 16 10 20 28 29 6 18 7 11 12 28 28 10 3 10 24 20 28 11 15 29 9 25 2 
16768
1 1 1 1 1 1 1 1 1 1 
10 3 7 5 6 6 5 4 9 8 8 8 4 8 6 1 2 2 8 8 9 2 2 7 8 3 2 6 2 4 4 4 4 10 4 5 6 4 5 9 3 8 8 10 10 10 2 8 7 4 8 1 4 1 2 3 3 10 5 6 7 3 7 10 10 6 8 8 1 6 1 6 8 8 1 4 8 2 4 7 7 9 8 6 4 1 8 7 5 3 
18856
1 0 1 1 1 1 1 1 1 1 1 1 1 1 1 1 1 1 1 0 
19 16 19 18 11 16 15 8 7 6 8 16 10 19 18 15 4 5 11 6 12 14 3 16 6 9 12 5 13 19 6 15 18 13 1 6 6 13 8 12 7 11 8 14 13 19 10 8 16 5 18 3 1 19 8 19 15 13 13 14 15 10 17 15 14 4 5 12 5 12 4 6 12 16 3 15 15 16 8 18 
19642
1 1 1 1 0 1 1 1 1 0 1 1 1 0 1 1 0 1 0 1 1 1 1 0 0 1 1 1 1 1 
13 12 6 11 9 12 1 23 8 13 8 29 26 23 1 3 18 12 12 15 6 6 20 28 8 28 16 6 26 27 7 12 9 13 2 3 15 27 15 7 15 8 26 11 7 29 7 21 13 11 29 28 30 13 2 7 9 16 16 4 3 20 20 22 27 7 20 15 27 13 
15360
1 1 1 1 1 1 1 1 1 1 
7 10 1 4 1 3 7 2 2 7 5 3 10 3 4 5 4 4 4 3 7 3 4 7 4 1 1 5 5 9 3 7 1 8 10 6 8 8 5 7 6 7 5 4 6 3 4 4 3 1 7 4 5 10 7 3 4 8 7 4 4 4 8 8 4 8 5 3 8 8 6 2 6 2 10 9 5 4 3 8 9 2 9 5 8 3 2 9 2 10 
17289
1 1 1 1 1 1 1 1 1 1 1 1 1 1 0 1 1 1 1 1 
10 10 3 17 7 12 12 18 17 2 4 12 4 6 7 2 18 18 5 11 20 10 1 6 10 1 8 2 20 9 2 14 12 6 4 5 17 4 10 13 7 6 20 19 9 9 13 7 18 14 9 1 6 17 13 16 16 14 7 6 5 19 4 14 13 17 18 16 20 16 2 6 18 1 18 19 4 5 1 20 
17990
0 0 0 0 1 1 1 1 1 1 1 1 1 1 1 1 1 1 1 0 1 1 0 1 1 1 1 0 0 0 
5 8 15 5 18 27 8 10 11 12 12 26 15 27 9 24 21 14 8 7 21 8 27 17 14 18 15 17 13 14 7 22 26 5 10 8 26 19 10 17 17 16 18 27 21 22 19 12 15 18 22 19 9 8 19 22 6 24 25 10 18 10 11 21 14 7 11 26 12 5 
17338
1 1 1 1 1 1 1 1 1 1 
4 7 3 10 4 7 4 5 8 3 3 10 2 6 6 10 7 4 6 2 5 5 3 7 5 7 2 7 1 5 4 4 4 7 9 4 6 7 1 10 4 4 3 4 6 9 6 4 9 10 9 8 6 4 8 7 1 5 2 1 2 8 8 9 4 4 8 8 8 5 4 6 1 1 1 9 3 4 4 1 4 4 3 5 7 5 4 7 1 8 2 2 10 2 7 7 10 3 6 6 
21453
1 1 1 1 1 1 1 1 0 1 1 1 0 1 1 1 1 1 1 1 
8 1 16 15 3 2 12 11 20 14 14 10 8 19 1 17 17 6 1 6 18 1 11 16 8 3 4 16 16 5 14 8 2 6 2 1 8 6 17 11 1 4 10 14 8 16 5 11 3 17 2 7 16 11 2 4 14 1 11 17 2 15 4 14 16 17 11 8 3 20 16 7 1 18 11 11 3 19 12 12 4 18 1 7 17 15 1 10 2 2 17 5 1 8 16 12 15 10 16 10 
